 10.0234298706055 
 1290.9 
 10.0496904347092 
 1290.9 
 10.0759509988129 
 1290.9 
 10.1022115629166 
 1290.9 
 10.1284721270204 
 1290.9 
 10.1547326911241 
 1290.9 
 10.1809932552278 
 1290.9 
 10.2072538193315 
 1290.9 
 10.2335143834352 
 1290.9 
 10.259774947539 
 1290.9 
 10.2860355116427 
 1290.9 
 10.3122960757464 
 1290.9 
 10.3385566398501 
 1290.9 
 10.3648172039539 
 1290.903 
 10.3910777680576 
 1226.903 
 10.4173383321613 
 1226.9 
 10.443598896265 
 1226.9 
 10.4698594603688 
 1226.9 
 10.4961200244725 
 1226.9 
 10.5223805885762 
 1226.9 
 10.5486411526799 
 1226.9 
 10.5749017167836 
 1226.9 
 10.6011622808874 
 1226.899 
 10.6274228449911 
 1208.899 
 10.6536834090948 
 1208.9 
 10.6799439731985 
 1208.9 
 10.7062045373023 
 1208.9 
 10.732465101406 
 1208.9 
 10.7587256655097 
 1208.9 
 10.7849862296134 
 1208.9 
 10.8112467937171 
 1208.9 
 10.8375073578209 
 1208.9 
 10.8637679219246 
 1208.9 
 10.8900284860283 
 1208.9 
 10.916289050132 
 1208.9 
 10.9425496142358 
 1208.9 
 10.9688101783395 
 1208.9 
 10.9950707424432 
 1208.9 
 11.0213313065469 
 1195.9 
 11.0475918706506 
 1195.9 
 11.0738524347544 
 1195.9 
 11.1001129988581 
 1189.9 
 11.1263735629618 
 1189.9 
 11.1526341270655 
 1189.9 
 11.1788946911693 
 1189.9 
 11.205155255273 
 1189.9 
 11.2314158193767 
 1189.9 
 11.2576763834804 
 1189.9 
 11.2839369475842 
 1189.9 
 11.3101975116879 
 1189.9 
 11.3364580757916 
 1189.9 
 11.3627186398953 
 1189.9 
 11.388979203999 
 1189.9 
 11.4152397681028 
 1189.9 
 11.4415003322065 
 1189.9 
 11.4677608963102 
 1189.899 
 11.4940214604139 
 1143.899 
 11.5202820245177 
 1143.9 
 11.5465425886214 
 1143.9 
 11.5728031527251 
 1143.9 
 11.5990637168288 
 1143.9 
 11.6253242809325 
 1143.9 
 11.6515848450363 
 1143.9 
 11.67784540914 
 1143.9 
 11.7041059732437 
 1143.9 
 11.7303665373474 
 1143.9 
 11.7566271014512 
 1143.901 
 11.7828876655549 
 1130.901 
 11.8091482296586 
 1130.9 
 11.8354087937623 
 1130.9 
 11.861669357866 
 1130.9 
 11.8879299219698 
 1130.9 
 11.9141904860735 
 1130.9 
 11.9404510501772 
 1130.9 
 11.9667116142809 
 1130.9 
 11.9929721783847 
 1130.9 
 12.0192327424884 
 1130.9 
 12.0454933065921 
 1130.9 
 12.0717538706958 
 1130.9 
 12.0980144347996 
 1130.899 
 12.1242749989033 
 1114.901 
 12.150535563007 
 1114.9 
 12.1767961271107 
 1114.9 
 12.2030566912144 
 1109.9 
 12.2293172553182 
 1109.9 
 12.2555778194219 
 1109.9 
 12.2818383835256 
 1109.9 
 12.3080989476293 
 1109.901 
 12.3343595117331 
 1071.901 
 12.3606200758368 
 1071.9 
 12.3868806399405 
 1071.9 
 12.4131412040442 
 1071.9 
 12.4394017681479 
 1071.9 
 12.4656623322517 
 1071.9 
 12.4919228963554 
 1071.9 
 12.5181834604591 
 1071.9 
 12.5444440245628 
 1071.899 
 12.5707045886666 
 1057.899 
 12.5969651527703 
 1057.9 
 12.623225716874 
 1057.9 
 12.6494862809777 
 1057.9 
 12.6757468450814 
 1057.9 
 12.7020074091852 
 1057.9 
 12.7282679732889 
 1057.9 
 12.7545285373926 
 1057.9 
 12.7807891014963 
 1057.9 
 12.8070496656001 
 1057.9 
 12.8333102297038 
 1057.9 
 12.8595707938075 
 1047.9 
 12.8858313579112 
 1047.9 
 12.912091922015 
 1047.9 
 12.9383524861187 
 1047.9 
 12.9646130502224 
 1047.9 
 12.9908736143261 
 1047.9 
 13.0171341784298 
 1047.9 
 13.0433947425336 
 1047.9 
 13.0696553066373 
 1047.9 
 13.095915870741 
 1047.9 
 13.1221764348447 
 1047.9 
 13.1484369989485 
 1047.9 
 13.1746975630522 
 1047.9 
 13.2009581271559 
 1047.9 
 13.2272186912596 
 1047.9 
 13.2534792553633 
 1047.9 
 13.2797398194671 
 1047.9 
 13.3060003835708 
 1047.9 
 13.3322609476745 
 1047.9 
 13.3585215117782 
 1047.9 
 13.384782075882 
 1047.9 
 13.4110426399857 
 1047.899 
 13.4373032040894 
 1015.898 
 13.4635637681931 
 1015.899 
 13.4898243322968 
 999.8986 
 13.5160848964006 
 999.8966 
 13.5423454605043 
 963.903 
 13.568606024608 
 963.9 
 13.5948665887117 
 963.9 
 13.6211271528155 
 963.9 
 13.6473877169192 
 963.9 
 13.6736482810229 
 963.9 
 13.6999088451266 
 963.9 
 13.7261694092304 
 963.9 
 13.7524299733341 
 963.9 
 13.7786905374378 
 963.9 
 13.8049511015415 
 963.9 
 13.8312116656452 
 963.9 
 13.857472229749 
 963.9 
 13.8837327938527 
 963.9 
 13.9099933579564 
 963.9 
 13.9362539220601 
 963.8985 
 13.9625144861639 
 944.8984 
 13.9887750502676 
 944.9 
 14.0150356143713 
 944.9 
 14.041296178475 
 944.9 
 14.0675567425787 
 944.9 
 14.0938173066825 
 944.9 
 14.1200778707862 
 944.9 
 14.1463384348899 
 944.9 
 14.1725989989936 
 944.9 
 14.1988595630974 
 944.9001 
 14.2251201272011 
 934.8999 
 14.2513806913048 
 934.9 
 14.2776412554085 
 934.9 
 14.3039018195122 
 934.9 
 14.330162383616 
 934.9 
 14.3564229477197 
 934.9 
 14.3826835118234 
 934.9 
 14.4089440759271 
 934.9 
 14.4352046400309 
 934.9 
 14.4614652041346 
 934.9 
 14.4877257682383 
 934.9 
 14.513986332342 
 934.9 
 14.5402468964458 
 934.9 
 14.5665074605495 
 934.9 
 14.5927680246532 
 934.9 
 14.6190285887569 
 934.9006 
 14.6452891528606 
 911.9006 
 14.6715497169644 
 911.9 
 14.6978102810681 
 911.9 
 14.7240708451718 
 911.9 
 14.7503314092755 
 911.9 
 14.7765919733793 
 911.9 
 14.802852537483 
 911.8992 
 14.8291131015867 
 896.8992 
 14.8553736656904 
 896.9 
 14.8816342297941 
 896.9 
 14.9078947938979 
 896.9 
 14.9341553580016 
 896.9 
 14.9604159221053 
 896.9 
 14.986676486209 
 896.9 
 15.0129370503128 
 896.9 
 15.0391976144165 
 896.9 
 15.0654581785202 
 896.9 
 15.0917187426239 
 896.9 
 15.1179793067276 
 896.9 
 15.1442398708314 
 896.9 
 15.1705004349351 
 896.9 
 15.1967609990388 
 896.9 
 15.2230215631425 
 896.9 
 15.2492821272463 
 896.9 
 15.27554269135 
 896.9 
 15.3018032554537 
 896.9 
 15.3280638195574 
 896.9 
 15.3543243836612 
 896.9 
 15.3805849477649 
 896.9 
 15.4068455118686 
 896.9 
 15.4331060759723 
 896.9 
 15.459366640076 
 896.9 
 15.4856272041798 
 896.9 
 15.5118877682835 
 896.9 
 15.5381483323872 
 896.9 
 15.5644088964909 
 896.9004 
 15.5906694605947 
 882.9001 
 15.6169300246984 
 882.9 
 15.6431905888021 
 882.9 
 15.6694511529058 
 882.9 
 15.6957117170095 
 882.8994 
 15.7219722811133 
 860.8989 
 15.748232845217 
 860.9 
 15.7744934093207 
 860.9 
 15.8007539734244 
 860.9 
 15.8270145375282 
 860.9 
 15.8532751016319 
 860.9 
 15.8795356657356 
 860.9 
 15.9057962298393 
 860.9 
 15.932056793943 
 860.9 
 15.9583173580468 
 860.9 
 15.9845779221505 
 860.9 
 16.0108384862542 
 860.9 
 16.0370990503579 
 860.9 
 16.0633596144617 
 860.9 
 16.0896201785654 
 860.9 
 16.1158807426691 
 860.9 
 16.1421413067728 
 860.9 
 16.1684018708766 
 860.9 
 16.1946624349803 
 860.9 
 16.220922999084 
 860.9 
 16.2471835631877 
 860.9 
 16.2734441272914 
 860.9 
 16.2997046913952 
 860.9 
 16.3259652554989 
 860.9 
 16.3522258196026 
 860.9034 
 16.3784863837063 
 818.9033 
 16.4047469478101 
 818.9 
 16.4310075119138 
 818.9 
 16.4572680760175 
 818.9004 
 16.4835286401212 
 806.9003 
 16.5097892042249 
 806.9 
 16.5360497683287 
 806.9 
 16.5623103324324 
 806.9 
 16.5885708965361 
 806.9 
 16.6148314606398 
 806.9 
 16.6410920247436 
 806.9 
 16.6673525888473 
 806.9 
 16.693613152951 
 806.9 
 16.7198737170547 
 806.9 
 16.7461342811584 
 806.9 
 16.7723948452622 
 806.9 
 16.7986554093659 
 806.9 
 16.8249159734696 
 806.9 
 16.8511765375733 
 806.9 
 16.8774371016771 
 806.9 
 16.9036976657808 
 806.9 
 16.9299582298845 
 806.9 
 16.9562187939882 
 806.9 
 16.982479358092 
 806.9 
 17.0087399221957 
 806.9 
 17.0350004862994 
 806.9 
 17.0612610504031 
 806.9 
 17.0875216145068 
 806.9 
 17.1137821786106 
 806.9 
 17.1400427427143 
 806.9 
 17.166303306818 
 806.9 
 17.1925638709217 
 806.9 
 17.2188244350255 
 806.9 
 17.2450849991292 
 806.9 
 17.2713455632329 
 806.9 
 17.2976061273366 
 806.9 
 17.3238666914403 
 806.9 
 17.3501272555441 
 806.9 
 17.3763878196478 
 806.9 
 17.4026483837515 
 806.9 
 17.4289089478552 
 806.9 
 17.455169511959 
 806.9 
 17.4814300760627 
 806.9 
 17.5076906401664 
 806.9 
 17.5339512042701 
 806.9 
 17.5602117683738 
 806.9 
 17.5864723324776 
 806.9 
 17.6127328965813 
 806.9 
 17.638993460685 
 806.9 
 17.6652540247887 
 806.9 
 17.6915145888925 
 806.9 
 17.7177751529962 
 806.9 
 17.7440357170999 
 806.9 
 17.7702962812036 
 806.9 
 17.7965568453074 
 806.9 
 17.8228174094111 
 806.9 
 17.8490779735148 
 806.9 
 17.8753385376185 
 806.9 
 17.9015991017222 
 806.9 
 17.927859665826 
 806.9 
 17.9541202299297 
 806.9 
 17.9803807940334 
 806.9 
 18.0066413581371 
 806.9 
 18.0329019222409 
 806.9 
 18.0591624863446 
 806.9 
 18.0854230504483 
 806.9 
 18.111683614552 
 806.9 
 18.1379441786557 
 806.9 
 18.1642047427595 
 806.9 
 18.1904653068632 
 806.9 
 18.2167258709669 
 806.9 
 18.2429864350706 
 806.9 
 18.2692469991744 
 806.9 
 18.2955075632781 
 806.9 
 18.3217681273818 
 806.9 
 18.3480286914855 
 806.9 
 18.3742892555892 
 806.9 
 18.400549819693 
 806.9 
 18.4268103837967 
 806.9 
 18.4530709479004 
 806.9 
 18.4793315120041 
 806.9 
 18.5055920761079 
 806.9 
 18.5318526402116 
 806.9 
 18.5581132043153 
 806.9 
 18.584373768419 
 806.9 
 18.6106343325228 
 806.9 
 18.6368948966265 
 806.9 
 18.6631554607302 
 806.9 
 18.6894160248339 
 806.9 
 18.7156765889376 
 806.9 
 18.7419371530414 
 806.9 
 18.7681977171451 
 806.9 
 18.7944582812488 
 806.9 
 18.8207188453525 
 806.9 
 18.8469794094563 
 806.9 
 18.87323997356 
 806.9 
 18.8995005376637 
 806.9 
 18.9257611017674 
 806.9 
 18.9520216658711 
 806.9 
 18.9782822299749 
 806.9 
 19.0045427940786 
 806.9 
 19.0308033581823 
 806.9 
 19.057063922286 
 806.9 
 19.0833244863898 
 806.9 
 19.1095850504935 
 806.9 
 19.1358456145972 
 806.9 
 19.1621061787009 
 806.9 
 19.1883667428046 
 806.9 
 19.2146273069084 
 806.9 
 19.2408878710121 
 806.9 
 19.2671484351158 
 806.9 
 19.2934089992195 
 806.9 
 19.3196695633233 
 806.9 
 19.345930127427 
 806.9 
 19.3721906915307 
 806.9 
 19.3984512556344 
 806.9 
 19.4247118197382 
 806.9 
 19.4509723838419 
 806.9 
 19.4772329479456 
 806.9 
 19.5034935120493 
 806.9 
 19.529754076153 
 806.9 
 19.5560146402568 
 806.9 
 19.5822752043605 
 806.9 
 19.6085357684642 
 806.9 
 19.6347963325679 
 806.9 
 19.6610568966717 
 806.9 
 19.6873174607754 
 806.9 
 19.7135780248791 
 806.9 
 19.7398385889828 
 806.9004 
 19.7660991530865 
 786.9003 
 19.7923597171903 
 786.9 
 19.818620281294 
 786.9 
 19.8448808453977 
 786.9 
 19.8711414095014 
 786.8993 
 19.8974019736052 
 765.8992 
 19.9236625377089 
 765.9 
 19.9499231018126 
 765.9 
 19.9761836659163 
 765.9 
 20.00244423002 
 765.9 
 20.0287047941238 
 765.9059 
 20.0549653582275 
 698.9057 
 20.0812259223312 
 698.9 
 20.1074864864349 
 698.9 
 20.1337470505387 
 698.9 
 20.1600076146424 
 698.9 
 20.1862681787461 
 698.9 
 20.2125287428498 
 698.9 
 20.2387893069535 
 698.9001 
 20.2650498710573 
 693.9003 
 20.291310435161 
 682.8998 
 20.3175709992647 
 682.9 
 20.3438315633684 
 682.9 
 20.3700921274722 
 682.9 
 20.3963526915759 
 682.9 
 20.4226132556796 
 682.9 
 20.4488738197833 
 682.9 
 20.4751343838871 
 682.9 
 20.5013949479908 
 682.9 
 20.5276555120945 
 682.9 
 20.5539160761982 
 682.9 
 20.5801766403019 
 682.9 
 20.6064372044057 
 682.9 
 20.6326977685094 
 682.9 
 20.6589583326131 
 682.9 
 20.6852188967168 
 682.9 
 20.7114794608206 
 682.9 
 20.7377400249243 
 682.9 
 20.764000589028 
 682.9 
 20.7902611531317 
 682.9 
 20.8165217172354 
 682.9 
 20.8427822813392 
 682.9 
 20.8690428454429 
 682.9 
 20.8953034095466 
 682.9 
 20.9215639736503 
 682.9 
 20.9478245377541 
 682.9 
 20.9740851018578 
 682.9 
 21.0003456659615 
 682.9 
 21.0266062300652 
 682.9 
 21.0528667941689 
 682.9 
 21.0791273582727 
 682.9 
 21.1053879223764 
 682.9 
 21.1316484864801 
 682.9 
 21.1579090505838 
 682.9 
 21.1841696146876 
 682.9 
 21.2104301787913 
 682.9 
 21.236690742895 
 682.9 
 21.2629513069987 
 682.9 
 21.2892118711025 
 682.9 
 21.3154724352062 
 682.9 
 21.3417329993099 
 682.9 
 21.3679935634136 
 682.9 
 21.3942541275173 
 682.9 
 21.4205146916211 
 682.9 
 21.4467752557248 
 682.9 
 21.4730358198285 
 682.9 
 21.4992963839322 
 682.9 
 21.525556948036 
 682.9006 
 21.5518175121397 
 674.9005 
 21.5780780762434 
 674.9009 
 21.6043386403471 
 633.9008 
 21.6305992044508 
 633.9 
 21.6568597685546 
 633.9 
 21.6831203326583 
 633.9 
 21.709380896762 
 633.9 
 21.7356414608657 
 633.9 
 21.7619020249695 
 633.9 
 21.7881625890732 
 633.9 
 21.8144231531769 
 633.9 
 21.8406837172806 
 633.9 
 21.8669442813843 
 633.9 
 21.8932048454881 
 633.9 
 21.9194654095918 
 633.9 
 21.9457259736955 
 633.9 
 21.9719865377992 
 633.9 
 21.998247101903 
 633.9 
 22.0245076660067 
 633.9 
 22.0507682301104 
 633.9 
 22.0770287942141 
 633.9 
 22.1032893583179 
 633.9 
 22.1295499224216 
 633.9 
 22.1558104865253 
 633.9 
 22.182071050629 
 633.9 
 22.2083316147327 
 633.9 
 22.2345921788365 
 633.9 
 22.2608527429402 
 633.9 
 22.2871133070439 
 633.9 
 22.3133738711476 
 633.9 
 22.3396344352514 
 633.9 
 22.3658949993551 
 633.9 
 22.3921555634588 
 633.9 
 22.4184161275625 
 633.9 
 22.4446766916662 
 633.9 
 22.47093725577 
 633.9 
 22.4971978198737 
 633.9 
 22.5234583839774 
 633.9 
 22.5497189480811 
 633.9 
 22.5759795121849 
 633.9 
 22.6022400762886 
 633.9 
 22.6285006403923 
 633.9 
 22.654761204496 
 633.9 
 22.6810217685997 
 633.9 
 22.7072823327035 
 633.9 
 22.7335428968072 
 633.9 
 22.7598034609109 
 633.9 
 22.7860640250146 
 633.9 
 22.8123245891184 
 633.9 
 22.8385851532221 
 633.9 
 22.8648457173258 
 633.9 
 22.8911062814295 
 633.9 
 22.9173668455333 
 633.9 
 22.943627409637 
 633.9 
 22.9698879737407 
 633.9 
 22.9961485378444 
 633.9 
 23.0224091019481 
 631.9 
 23.0486696660519 
 630.9 
 23.0749302301556 
 624.9 
 23.1011907942593 
 598.8999 
 23.127451358363 
 598.9 
 23.1537119224668 
 598.9 
 23.1799724865705 
 598.9 
 23.2062330506742 
 598.9 
 23.2324936147779 
 598.8998 
 23.2587541788816 
 595.8986 
 23.2850147429854 
 574.9025 
 23.3112753070891 
 574.9 
 23.3375358711928 
 574.9 
 23.3637964352965 
 574.9005 
 23.3900569994003 
 568.9004 
 23.416317563504 
 568.9 
 23.4425781276077 
 568.9 
 23.4688386917114 
 568.9 
 23.4950992558151 
 568.9 
 23.5213598199189 
 568.9 
 23.5476203840226 
 568.9 
 23.5738809481263 
 568.9 
 23.60014151223 
 568.899 
 23.6264020763338 
 541.8989 
 23.6526626404375 
 541.9 
 23.6789232045412 
 541.8999 
 23.7051837686449 
 539.8998 
 23.7314443327487 
 539.9 
 23.7577048968524 
 539.9012 
 23.7839654609561 
 525.9012 
 23.8102260250598 
 525.9 
 23.8364865891635 
 525.9006 
 23.8627471532673 
 517.9003 
 23.889007717371 
 517.9 
 23.9152682814747 
 517.9 
 23.9415288455784 
 517.9 
 23.9677894096822 
 517.9 
 23.9940499737859 
 517.9 
 24.0203105378896 
 517.9 
 24.0465711019933 
 517.9 
 24.072831666097 
 515.9 
 24.0990922302008 
 515.9 
 24.1253527943045 
 515.9 
 24.1516133584082 
 515.9 
 24.1778739225119 
 515.8969 
 24.2041344866157 
 475.8967 
 24.2303950507194 
 475.9 
 24.2566556148231 
 475.9 
 24.2829161789268 
 475.9 
 24.3091767430305 
 475.9 
 24.3354373071343 
 475.9 
 24.361697871238 
 475.9 
 24.3879584353417 
 475.9 
 24.4142189994454 
 475.9 
 24.4404795635492 
 475.9 
 24.4667401276529 
 475.9 
 24.4930006917566 
 475.9 
 24.5192612558603 
 475.9 
 24.5455218199641 
 475.9 
 24.5717823840678 
 475.9 
 24.5980429481715 
 475.9 
 24.6243035122752 
 475.9 
 24.6505640763789 
 475.9 
 24.6768246404827 
 475.9 
 24.7030852045864 
 475.9 
 24.7293457686901 
 475.9 
 24.7556063327938 
 475.9 
 24.7818668968976 
 475.9 
 24.8081274610013 
 475.9 
 24.834388025105 
 475.9 
 24.8606485892087 
 475.9 
 24.8869091533124 
 475.9 
 24.9131697174162 
 475.9 
 24.9394302815199 
 475.9 
 24.9656908456236 
 475.9 
 24.9919514097273 
 475.9 
 25.0182119738311 
 475.9 
 25.0444725379348 
 475.9 
 25.0707331020385 
 475.9 
 25.0969936661422 
 475.9 
 25.1232542302459 
 475.9 
 25.1495147943497 
 475.9 
 25.1757753584534 
 475.9 
 25.2020359225571 
 475.9 
 25.2282964866608 
 475.9 
 25.2545570507646 
 475.9 
 25.2808176148683 
 475.9001 
 25.307078178972 
 473.9 
 25.3333387430757 
 473.9 
 25.3595993071795 
 473.9 
 25.3858598712832 
 473.9 
 25.4121204353869 
 473.9 
 25.4383809994906 
 473.9 
 25.4646415635943 
 473.9 
 25.4909021276981 
 473.9 
 25.5171626918018 
 473.9 
 25.5434232559055 
 473.9 
 25.5696838200092 
 473.8998 
 25.595944384113 
 471.8998 
 25.6222049482167 
 471.9 
 25.6484655123204 
 471.9 
 25.6747260764241 
 471.9 
 25.7009866405278 
 471.9 
 25.7272472046316 
 471.9 
 25.7535077687353 
 471.9 
 25.779768332839 
 471.9 
 25.8060288969427 
 471.9 
 25.8322894610465 
 471.9005 
 25.8585500251502 
 450.8996 
 25.8848105892539 
 450.9 
 25.9110711533576 
 450.9 
 25.9373317174613 
 450.9 
 25.9635922815651 
 450.9 
 25.9898528456688 
 450.9 
 26.0161134097725 
 450.9 
 26.0423739738762 
 450.9 
 26.06863453798 
 450.9 
 26.0948951020837 
 450.9 
 26.1211556661874 
 450.9 
 26.1474162302911 
 450.9 
 26.1736767943949 
 450.9 
 26.1999373584986 
 450.9 
 26.2261979226023 
 450.9001 
 26.252458486706 
 447.9001 
 26.2787190508097 
 447.9 
 26.3049796149135 
 447.8999 
 26.3312401790172 
 431.8998 
 26.3575007431209 
 431.9 
 26.3837613072246 
 431.9 
 26.4100218713284 
 431.9 
 26.4362824354321 
 431.9 
 26.4625429995358 
 431.9 
 26.4888035636395 
 431.9 
 26.5150641277432 
 431.9 
 26.541324691847 
 431.9 
 26.5675852559507 
 431.9 
 26.5938458200544 
 431.9 
 26.6201063841581 
 431.9 
 26.6463669482619 
 431.9 
 26.6726275123656 
 431.9 
 26.6988880764693 
 431.9 
 26.725148640573 
 431.9 
 26.7514092046767 
 431.9 
 26.7776697687805 
 431.9 
 26.8039303328842 
 431.9 
 26.8301908969879 
 431.9 
 26.8564514610916 
 431.9 
 26.8827120251954 
 431.9 
 26.9089725892991 
 431.9 
 26.9352331534028 
 431.9 
 26.9614937175065 
 431.9 
 26.9877542816103 
 431.9 
 27.014014845714 
 431.9 
 27.0402754098177 
 431.9 
 27.0665359739214 
 431.9 
 27.0927965380251 
 431.9 
 27.1190571021289 
 431.9 
 27.1453176662326 
 431.9 
 27.1715782303363 
 431.9 
 27.19783879444 
 431.9 
 27.2240993585438 
 431.9 
 27.2503599226475 
 431.9 
 27.2766204867512 
 431.9 
 27.3028810508549 
 431.9 
 27.3291416149586 
 431.9 
 27.3554021790624 
 431.9 
 27.3816627431661 
 431.9 
 27.4079233072698 
 431.9 
 27.4341838713735 
 431.9 
 27.4604444354773 
 431.9 
 27.486704999581 
 431.9 
 27.5129655636847 
 431.9 
 27.5392261277884 
 431.9 
 27.5654866918921 
 431.9 
 27.5917472559959 
 431.9 
 27.6180078200996 
 431.9 
 27.6442683842033 
 431.9 
 27.670528948307 
 431.9 
 27.6967895124108 
 431.9 
 27.7230500765145 
 431.9 
 27.7493106406182 
 431.9 
 27.7755712047219 
 431.9 
 27.8018317688257 
 431.9 
 27.8280923329294 
 431.9 
 27.8543528970331 
 431.9 
 27.8806134611368 
 431.8993 
 27.9068740252405 
 422.8993 
 27.9331345893443 
 422.9 
 27.959395153448 
 422.9 
 27.9856557175517 
 422.9 
 28.0119162816554 
 422.9 
 28.0381768457592 
 422.9 
 28.0644374098629 
 422.9 
 28.0906979739666 
 422.9 
 28.1169585380703 
 422.9 
 28.143219102174 
 422.9001 
 28.1694796662778 
 418.9 
 28.1957402303815 
 418.9 
 28.2220007944852 
 418.9 
 28.2482613585889 
 418.9 
 28.2745219226927 
 416.8992 
 28.3007824867964 
 380.8978 
 28.3270430509001 
 380.9 
 28.3533036150038 
 380.9 
 28.3795641791075 
 380.9 
 28.4058247432113 
 380.9 
 28.432085307315 
 380.9 
 28.4583458714187 
 380.9 
 28.4846064355224 
 380.9 
 28.5108669996262 
 380.9 
 28.5371275637299 
 380.9 
 28.5633881278336 
 380.9 
 28.5896486919373 
 380.9 
 28.6159092560411 
 380.9 
 28.6421698201448 
 380.9 
 28.6684303842485 
 380.9 
 28.6946909483522 
 380.9 
 28.7209515124559 
 380.9 
 28.7472120765597 
 380.9 
 28.7734726406634 
 380.9 
 28.7997332047671 
 380.9 
 28.8259937688708 
 380.9 
 28.8522543329746 
 380.9 
 28.8785148970783 
 380.9 
 28.904775461182 
 380.9 
 28.9310360252857 
 380.9 
 28.9572965893894 
 380.9 
 28.9835571534932 
 380.9 
 29.0098177175969 
 380.9 
 29.0360782817006 
 380.9 
 29.0623388458043 
 380.9 
 29.0885994099081 
 380.9 
 29.1148599740118 
 380.9 
 29.1411205381155 
 380.9 
 29.1673811022192 
 380.9 
 29.1936416663229 
 380.9 
 29.2199022304267 
 380.9 
 29.2461627945304 
 380.9 
 29.2724233586341 
 380.9 
 29.2986839227378 
 380.9 
 29.3249444868416 
 380.9 
 29.3512050509453 
 380.9 
 29.377465615049 
 380.9 
 29.4037261791527 
 380.9 
 29.4299867432565 
 380.9 
 29.4562473073602 
 380.9 
 29.4825078714639 
 380.9 
 29.5087684355676 
 380.9 
 29.5350289996713 
 380.9 
 29.5612895637751 
 380.9 
 29.5875501278788 
 380.9 
 29.6138106919825 
 380.9 
 29.6400712560862 
 380.9 
 29.66633182019 
 380.9 
 29.6925923842937 
 380.9 
 29.7188529483974 
 380.9 
 29.7451135125011 
 380.9 
 29.7713740766048 
 380.9 
 29.7976346407086 
 380.9 
 29.8238952048123 
 380.9 
 29.850155768916 
 380.9 
 29.8764163330197 
 380.9 
 29.9026768971235 
 380.9 
 29.9289374612272 
 380.9 
 29.9551980253309 
 380.9 
 29.9814585894346 
 380.9 
 30.0077191535383 
 380.9 
 30.0339797176421 
 380.9 
 30.0602402817458 
 380.9 
 30.0865008458495 
 380.9 
 30.1127614099532 
 380.9 
 30.139021974057 
 380.9 
 30.1652825381607 
 380.9 
 30.1915431022644 
 380.9 
 30.2178036663681 
 380.9 
 30.2440642304718 
 380.9 
 30.2703247945756 
 380.9 
 30.2965853586793 
 380.9 
 30.322845922783 
 380.9 
 30.3491064868867 
 380.9 
 30.3753670509905 
 380.9 
 30.4016276150942 
 380.9 
 30.4278881791979 
 380.9 
 30.4541487433016 
 380.9 
 30.4804093074054 
 380.9 
 30.5066698715091 
 380.9 
 30.5329304356128 
 380.9 
 30.5591909997165 
 380.9 
 30.5854515638202 
 380.9 
 30.611712127924 
 380.9 
 30.6379726920277 
 380.9 
 30.6642332561314 
 380.9 
 30.6904938202351 
 380.9 
 30.7167543843389 
 380.9 
 30.7430149484426 
 380.9 
 30.7692755125463 
 380.9 
 30.79553607665 
 380.9 
 30.8217966407537 
 380.9 
 30.8480572048575 
 380.9 
 30.8743177689612 
 380.9 
 30.9005783330649 
 380.9 
 30.9268388971686 
 380.9 
 30.9530994612724 
 380.9 
 30.9793600253761 
 380.9 
 31.0056205894798 
 380.9 
 31.0318811535835 
 380.9 
 31.0581417176872 
 380.9 
 31.084402281791 
 380.9 
 31.1106628458947 
 380.9 
 31.1369234099984 
 380.9 
 31.1631839741021 
 380.9 
 31.1894445382059 
 380.9 
 31.2157051023096 
 380.9 
 31.2419656664133 
 380.9 
 31.268226230517 
 380.9 
 31.2944867946208 
 380.9 
 31.3207473587245 
 380.9 
 31.3470079228282 
 380.9 
 31.3732684869319 
 380.9 
 31.3995290510356 
 380.9 
 31.4257896151394 
 380.9 
 31.4520501792431 
 380.9 
 31.4783107433468 
 380.9 
 31.5045713074505 
 380.9 
 31.5308318715543 
 380.9 
 31.557092435658 
 380.9 
 31.5833529997617 
 380.9 
 31.6096135638654 
 380.9 
 31.6358741279691 
 380.9 
 31.6621346920729 
 380.9 
 31.6883952561766 
 380.8997 
 31.7146558202803 
 376.8995 
 31.740916384384 
 376.9 
 31.7671769484878 
 376.9 
 31.7934375125915 
 376.9 
 31.8196980766952 
 376.9 
 31.8459586407989 
 376.9 
 31.8722192049026 
 376.9 
 31.8984797690064 
 376.9 
 31.9247403331101 
 376.8998 
 31.9510008972138 
 356.8997 
 31.9772614613175 
 356.8997 
 32.0035220254213 
 342.8997 
 32.029782589525 
 342.9 
 32.0560431536287 
 342.9 
 32.0823037177324 
 342.9 
 32.1085642818362 
 342.9 
 32.1348248459399 
 342.9 
 32.1610854100436 
 342.9 
 32.1873459741473 
 342.9 
 32.213606538251 
 342.9 
 32.2398671023548 
 342.9 
 32.2661276664585 
 342.9 
 32.2923882305622 
 342.9 
 32.3186487946659 
 342.9 
 32.3449093587697 
 342.9 
 32.3711699228734 
 342.9 
 32.3974304869771 
 342.9 
 32.4236910510808 
 342.9 
 32.4499516151845 
 342.9 
 32.4762121792883 
 342.9 
 32.502472743392 
 342.9 
 32.5287333074957 
 342.9 
 32.5549938715994 
 342.9 
 32.5812544357032 
 342.9 
 32.6075149998069 
 342.9 
 32.6337755639106 
 342.9 
 32.6600361280143 
 342.9 
 32.686296692118 
 342.9 
 32.7125572562218 
 342.9 
 32.7388178203255 
 342.9 
 32.7650783844292 
 342.9 
 32.7913389485329 
 342.9 
 32.8175995126367 
 342.9 
 32.8438600767404 
 342.9 
 32.8701206408441 
 342.9 
 32.8963812049478 
 342.9 
 32.9226417690516 
 342.9 
 32.9489023331553 
 342.9 
 32.975162897259 
 342.9 
 33.0014234613627 
 342.9 
 33.0276840254664 
 342.9 
 33.0539445895702 
 342.9 
 33.0802051536739 
 342.9 
 33.1064657177776 
 342.9 
 33.1327262818813 
 342.9 
 33.1589868459851 
 342.9 
 33.1852474100888 
 342.9 
 33.2115079741925 
 342.9 
 33.2377685382962 
 342.9 
 33.2640291023999 
 342.9 
 33.2902896665037 
 342.9 
 33.3165502306074 
 342.9 
 33.3428107947111 
 342.9 
 33.3690713588148 
 342.9 
 33.3953319229186 
 342.9 
 33.4215924870223 
 342.9 
 33.447853051126 
 342.9 
 33.4741136152297 
 342.9 
 33.5003741793334 
 342.9 
 33.5266347434372 
 342.9 
 33.5528953075409 
 342.9 
 33.5791558716446 
 342.9 
 33.6054164357483 
 342.9 
 33.6316769998521 
 342.9 
 33.6579375639558 
 342.9 
 33.6841981280595 
 342.9 
 33.7104586921632 
 342.9 
 33.736719256267 
 342.9 
 33.7629798203707 
 342.9 
 33.7892403844744 
 342.9 
 33.8155009485781 
 342.9 
 33.8417615126818 
 342.9 
 33.8680220767856 
 342.9 
 33.8942826408893 
 342.9 
 33.920543204993 
 342.9 
 33.9468037690967 
 342.9 
 33.9730643332005 
 342.9 
 33.9993248973042 
 342.9 
 34.0255854614079 
 342.9 
 34.0518460255116 
 342.9 
 34.0781065896153 
 342.9 
 34.1043671537191 
 342.9 
 34.1306277178228 
 342.9 
 34.1568882819265 
 342.9003 
 34.1831488460302 
 335.9003 
 34.209409410134 
 335.9 
 34.2356699742377 
 335.9 
 34.2619305383414 
 335.9 
 34.2881911024451 
 335.9 
 34.3144516665488 
 335.9 
 34.3407122306526 
 335.9 
 34.3669727947563 
 335.9 
 34.39323335886 
 335.9 
 34.4194939229637 
 335.9 
 34.4457544870675 
 335.9 
 34.4720150511712 
 335.9 
 34.4982756152749 
 335.9 
 34.5245361793786 
 335.9 
 34.5507967434824 
 335.9 
 34.5770573075861 
 335.9 
 34.6033178716898 
 335.9 
 34.6295784357935 
 335.9 
 34.6558389998972 
 335.9 
 34.682099564001 
 335.9 
 34.7083601281047 
 335.9 
 34.7346206922084 
 335.9 
 34.7608812563121 
 335.9 
 34.7871418204159 
 335.9 
 34.8134023845196 
 335.9 
 34.8396629486233 
 335.9 
 34.865923512727 
 335.9 
 34.8921840768307 
 335.9 
 34.9184446409345 
 335.9 
 34.9447052050382 
 335.9 
 34.9709657691419 
 335.9 
 34.9972263332456 
 335.9 
 35.0234868973494 
 335.9 
 35.0497474614531 
 335.9 
 35.0760080255568 
 335.9 
 35.1022685896605 
 335.9 
 35.1285291537642 
 335.9 
 35.154789717868 
 335.9 
 35.1810502819717 
 335.9 
 35.2073108460754 
 335.9 
 35.2335714101791 
 335.9 
 35.2598319742829 
 335.9 
 35.2860925383866 
 335.9 
 35.3123531024903 
 335.9 
 35.338613666594 
 335.9 
 35.3648742306978 
 335.9 
 35.3911347948015 
 335.9 
 35.4173953589052 
 335.9 
 35.4436559230089 
 335.9 
 35.4699164871126 
 335.9 
 35.4961770512164 
 335.9 
 35.5224376153201 
 335.9003 
 35.5486981794238 
 331.9 
 35.5749587435275 
 331.9 
 35.6012193076313 
 331.8999 
 35.627479871735 
 301.8998 
 35.6537404358387 
 301.9 
 35.6800009999424 
 301.9 
 35.7062615640461 
 301.9 
 35.7325221281499 
 301.9 
 35.7587826922536 
 301.9 
 35.7850432563573 
 301.9 
 35.811303820461 
 301.9 
 35.8375643845648 
 301.9 
 35.8638249486685 
 301.9 
 35.8900855127722 
 301.9 
 35.9163460768759 
 301.9 
 35.9426066409796 
 301.9 
 35.9688672050834 
 301.9 
 35.9951277691871 
 301.9002 
 36.0213883332908 
 287.9002 
 36.0476488973945 
 287.9 
 36.0739094614983 
 287.9 
 36.100170025602 
 287.9 
 36.1264305897057 
 287.9 
 36.1526911538094 
 286.9 
 36.1789517179132 
 286.9 
 36.2052122820169 
 286.9 
 36.2314728461206 
 286.8989 
 36.2577334102243 
 274.8989 
 36.283993974328 
 274.9 
 36.3102545384318 
 274.9 
 36.3365151025355 
 274.9 
 36.3627756666392 
 274.9 
 36.3890362307429 
 274.9 
 36.4152967948467 
 274.9 
 36.4415573589504 
 274.9 
 36.4678179230541 
 274.9 
 36.4940784871578 
 274.9 
 36.5203390512615 
 274.9 
 36.5465996153653 
 274.9 
 36.572860179469 
 274.9001 
 36.5991207435727 
 261.9001 
 36.6253813076764 
 261.9 
 36.6516418717802 
 261.9 
 36.6779024358839 
 261.9 
 36.7041629999876 
 261.9 
 36.7304235640913 
 261.9 
 36.756684128195 
 261.9 
 36.7829446922988 
 261.9 
 36.8092052564025 
 261.9 
 36.8354658205062 
 261.9 
 36.8617263846099 
 261.9 
 36.8879869487137 
 261.9 
 36.9142475128174 
 261.9 
 36.9405080769211 
 261.9 
 36.9667686410248 
 261.9 
 36.9930292051286 
 261.9 
 37.0192897692323 
 261.9 
 37.045550333336 
 261.9 
 37.0718108974397 
 261.9 
 37.0980714615434 
 261.9 
 37.1243320256472 
 261.9 
 37.1505925897509 
 261.9 
 37.1768531538546 
 261.9 
 37.2031137179583 
 261.9 
 37.2293742820621 
 261.9 
 37.2556348461658 
 261.9 
 37.2818954102695 
 261.9 
 37.3081559743732 
 261.9 
 37.3344165384769 
 261.9 
 37.3606771025807 
 261.9 
 37.3869376666844 
 261.9 
 37.4131982307881 
 261.9 
 37.4394587948918 
 261.9 
 37.4657193589956 
 261.9 
 37.4919799230993 
 261.9 
 37.518240487203 
 261.9 
 37.5445010513067 
 261.9 
 37.5707616154104 
 261.9 
 37.5970221795142 
 261.9 
 37.6232827436179 
 261.9 
 37.6495433077216 
 261.9 
 37.6758038718253 
 261.9 
 37.7020644359291 
 261.9 
 37.7283250000328 
 261.9 
 37.7545855641365 
 261.9 
 37.7808461282402 
 261.9 
 37.807106692344 
 261.9 
 37.8333672564477 
 261.9 
 37.8596278205514 
 261.9 
 37.8858883846551 
 261.9 
 37.9121489487588 
 261.9 
 37.9384095128626 
 261.9 
 37.9646700769663 
 261.9 
 37.99093064107 
 261.9 
 38.0171912051737 
 261.9 
 38.0434517692775 
 261.9 
 38.0697123333812 
 261.9 
 38.0959728974849 
 261.9 
 38.1222334615886 
 261.9 
 38.1484940256923 
 261.9 
 38.1747545897961 
 261.9 
 38.2010151538998 
 261.9 
 38.2272757180035 
 261.9 
 38.2535362821072 
 261.9 
 38.279796846211 
 261.9 
 38.3060574103147 
 261.9 
 38.3323179744184 
 261.9 
 38.3585785385221 
 261.9 
 38.3848391026258 
 261.9 
 38.4110996667296 
 261.9 
 38.4373602308333 
 261.9 
 38.463620794937 
 261.9 
 38.4898813590407 
 261.9 
 38.5161419231445 
 261.9 
 38.5424024872482 
 261.9 
 38.5686630513519 
 261.9 
 38.5949236154556 
 261.9 
 38.6211841795594 
 261.9 
 38.6474447436631 
 261.9 
 38.6737053077668 
 261.9 
 38.6999658718705 
 261.9 
 38.7262264359742 
 261.9 
 38.752487000078 
 261.9 
 38.7787475641817 
 261.9 
 38.8050081282854 
 261.9 
 38.8312686923891 
 261.9 
 38.8575292564929 
 261.9 
 38.8837898205966 
 261.9 
 38.9100503847003 
 261.9 
 38.936310948804 
 261.9 
 38.9625715129077 
 261.9 
 38.9888320770115 
 261.9 
 39.0150926411152 
 261.9 
 39.0413532052189 
 261.9 
 39.0676137693226 
 261.9 
 39.0938743334264 
 261.9 
 39.1201348975301 
 261.9 
 39.1463954616338 
 261.9 
 39.1726560257375 
 261.9 
 39.1989165898412 
 261.9 
 39.225177153945 
 261.9 
 39.2514377180487 
 261.9 
 39.2776982821524 
 261.9 
 39.3039588462561 
 261.9 
 39.3302194103599 
 261.9 
 39.3564799744636 
 261.9 
 39.3827405385673 
 261.9 
 39.409001102671 
 261.9 
 39.4352616667748 
 261.9 
 39.4615222308785 
 261.9 
 39.4877827949822 
 261.9 
 39.5140433590859 
 261.9 
 39.5403039231896 
 261.9 
 39.5665644872934 
 261.9 
 39.5928250513971 
 261.9 
 39.6190856155008 
 261.9 
 39.6453461796045 
 261.9 
 39.6716067437083 
 261.9 
 39.697867307812 
 261.9 
 39.7241278719157 
 261.9 
 39.7503884360194 
 261.9 
 39.7766490001231 
 261.9 
 39.8029095642269 
 261.9 
 39.8291701283306 
 261.9 
 39.8554306924343 
 261.9 
 39.881691256538 
 261.9 
 39.9079518206418 
 261.9 
 39.9342123847455 
 261.9 
 39.9604729488492 
 261.9 
 39.9867335129529 
 261.9 
 40.0129940770566 
 261.9 
 40.0392546411604 
 261.9 
 40.0655152052641 
 261.9 
 40.0917757693678 
 261.9 
 40.1180363334715 
 261.9 
 40.1442968975753 
 261.9 
 40.170557461679 
 261.9 
 40.1968180257827 
 261.9 
 40.2230785898864 
 261.9 
 40.2493391539901 
 261.9 
 40.2755997180939 
 261.9 
 40.3018602821976 
 261.9 
 40.3281208463013 
 261.9 
 40.354381410405 
 261.9 
 40.3806419745088 
 261.9 
 40.4069025386125 
 261.9 
 40.4331631027162 
 261.9 
 40.4594236668199 
 261.9 
 40.4856842309237 
 261.9 
 40.5119447950274 
 261.9 
 40.5382053591311 
 261.9 
 40.5644659232348 
 261.9 
 40.5907264873385 
 261.9 
 40.6169870514423 
 261.9 
 40.643247615546 
 261.9 
 40.6695081796497 
 261.9 
 40.6957687437534 
 261.9 
 40.7220293078572 
 261.9 
 40.7482898719609 
 261.9 
 40.7745504360646 
 261.9 
 40.8008110001683 
 261.9 
 40.827071564272 
 261.9 
 40.8533321283758 
 261.9 
 40.8795926924795 
 261.9 
 40.9058532565832 
 261.9 
 40.9321138206869 
 261.9 
 40.9583743847907 
 261.9 
 40.9846349488944 
 261.9 
 41.0108955129981 
 261.9 
 41.0371560771018 
 261.9 
 41.0634166412055 
 261.9 
 41.0896772053093 
 261.9 
 41.115937769413 
 261.9 
 41.1421983335167 
 261.9 
 41.1684588976204 
 261.9 
 41.1947194617242 
 261.9 
 41.2209800258279 
 261.9 
 41.2472405899316 
 261.9 
 41.2735011540353 
 261.9 
 41.2997617181391 
 261.9 
 41.3260222822428 
 261.9 
 41.3522828463465 
 261.9 
 41.3785434104502 
 261.9 
 41.4048039745539 
 261.9 
 41.4310645386577 
 261.9 
 41.4573251027614 
 261.9 
 41.4835856668651 
 261.9 
 41.5098462309688 
 261.9019 
 41.5361067950726 
 231.9018 
 41.5623673591763 
 231.9 
 41.58862792328 
 231.9 
 41.6148884873837 
 231.9 
 41.6411490514874 
 231.9 
 41.6674096155912 
 231.9 
 41.6936701796949 
 231.9 
 41.7199307437986 
 231.9 
 41.7461913079023 
 231.9 
 41.7724518720061 
 231.9 
 41.7987124361098 
 231.9 
 41.8249730002135 
 231.9 
 41.8512335643172 
 231.9 
 41.8774941284209 
 231.9 
 41.9037546925247 
 231.9 
 41.9300152566284 
 231.9 
 41.9562758207321 
 231.9 
 41.9825363848358 
 231.9 
 42.0087969489396 
 231.9 
 42.0350575130433 
 231.9 
 42.061318077147 
 231.9 
 42.0875786412507 
 231.9 
 42.1138392053545 
 231.9 
 42.1400997694582 
 231.9 
 42.1663603335619 
 231.9 
 42.1926208976656 
 231.9 
 42.2188814617693 
 231.9 
 42.2451420258731 
 231.9 
 42.2714025899768 
 231.9 
 42.2976631540805 
 231.9 
 42.3239237181842 
 231.9 
 42.350184282288 
 231.9 
 42.3764448463917 
 231.9 
 42.4027054104954 
 231.9 
 42.4289659745991 
 231.9 
 42.4552265387028 
 231.9 
 42.4814871028066 
 231.9 
 42.5077476669103 
 231.9 
 42.534008231014 
 231.9 
 42.5602687951177 
 231.9 
 42.5865293592215 
 231.9 
 42.6127899233252 
 231.9 
 42.6390504874289 
 231.9 
 42.6653110515326 
 231.8994 
 42.6915716156363 
 202.8993 
 42.7178321797401 
 202.9 
 42.7440927438438 
 202.9 
 42.7703533079475 
 202.9 
 42.7966138720512 
 202.9 
 42.822874436155 
 202.9 
 42.8491350002587 
 202.9 
 42.8753955643624 
 202.9005 
 42.9016561284661 
 197.9005 
 42.9279166925699 
 197.9 
 42.9541772566736 
 197.9 
 42.9804378207773 
 197.9 
 43.006698384881 
 197.9 
 43.0329589489847 
 197.9 
 43.0592195130885 
 197.9 
 43.0854800771922 
 197.9 
 43.1117406412959 
 197.9 
 43.1380012053996 
 197.9 
 43.1642617695034 
 197.9 
 43.1905223336071 
 197.8999 
 43.2167828977108 
 191.8998 
 43.2430434618145 
 188.8997 
 43.2693040259182 
 188.9 
 43.295564590022 
 188.9 
 43.3218251541257 
 188.9 
 43.3480857182294 
 188.9 
 43.3743462823331 
 188.9 
 43.4006068464369 
 188.9 
 43.4268674105406 
 188.9 
 43.4531279746443 
 188.9 
 43.479388538748 
 188.9 
 43.5056491028517 
 188.9 
 43.5319096669555 
 188.9 
 43.5581702310592 
 188.9 
 43.5844307951629 
 188.9 
 43.6106913592666 
 188.9 
 43.6369519233704 
 188.9 
 43.6632124874741 
 188.9 
 43.6894730515778 
 188.9 
 43.7157336156815 
 188.9 
 43.7419941797853 
 188.9 
 43.768254743889 
 188.9 
 43.7945153079927 
 188.9 
 43.8207758720964 
 188.9 
 43.8470364362001 
 188.9 
 43.8732970003039 
 188.9 
 43.8995575644076 
 188.9 
 43.9258181285113 
 188.9 
 43.952078692615 
 188.9 
 43.9783392567188 
 188.9 
 44.0045998208225 
 188.9 
 44.0308603849262 
 188.9 
 44.0571209490299 
 188.9 
 44.0833815131336 
 188.9 
 44.1096420772374 
 188.9 
 44.1359026413411 
 188.9 
 44.1621632054448 
 188.9 
 44.1884237695485 
 188.9 
 44.2146843336523 
 188.9 
 44.240944897756 
 188.9 
 44.2672054618597 
 188.9 
 44.2934660259634 
 188.9 
 44.3197265900671 
 188.9 
 44.3459871541709 
 188.9 
 44.3722477182746 
 188.9 
 44.3985082823783 
 188.9 
 44.424768846482 
 188.9 
 44.4510294105858 
 188.9 
 44.4772899746895 
 188.9 
 44.5035505387932 
 188.9 
 44.5298111028969 
 188.9 
 44.5560716670007 
 188.9 
 44.5823322311044 
 188.9 
 44.6085927952081 
 188.9 
 44.6348533593118 
 188.9 
 44.6611139234155 
 188.9 
 44.6873744875193 
 188.9 
 44.713635051623 
 188.9 
 44.7398956157267 
 188.9 
 44.7661561798304 
 188.9001 
 44.7924167439342 
 186.9001 
 44.8186773080379 
 186.9 
 44.8449378721416 
 186.9 
 44.8711984362453 
 186.9 
 44.897459000349 
 186.9 
 44.9237195644528 
 186.9 
 44.9499801285565 
 186.9 
 44.9762406926602 
 186.9 
 45.0025012567639 
 186.9 
 45.0287618208677 
 186.9 
 45.0550223849714 
 186.9 
 45.0812829490751 
 186.9 
 45.1075435131788 
 186.9 
 45.1338040772825 
 186.9 
 45.1600646413863 
 186.9 
 45.18632520549 
 186.9 
 45.2125857695937 
 186.9 
 45.2388463336974 
 186.9 
 45.2651068978012 
 186.9 
 45.2913674619049 
 186.9 
 45.3176280260086 
 186.9 
 45.3438885901123 
 186.9 
 45.3701491542161 
 186.9 
 45.3964097183198 
 186.9 
 45.4226702824235 
 186.9 
 45.4489308465272 
 186.9 
 45.4751914106309 
 186.9 
 45.5014519747347 
 186.9 
 45.5277125388384 
 186.9 
 45.5539731029421 
 186.9 
 45.5802336670458 
 186.9 
 45.6064942311496 
 186.9 
 45.6327547952533 
 186.9 
 45.659015359357 
 186.9 
 45.6852759234607 
 186.9 
 45.7115364875644 
 186.9 
 45.7377970516682 
 186.9 
 45.7640576157719 
 186.9 
 45.7903181798756 
 186.9 
 45.8165787439793 
 186.9 
 45.8428393080831 
 186.9 
 45.8690998721868 
 186.9 
 45.8953604362905 
 186.9 
 45.9216210003942 
 186.9 
 45.9478815644979 
 186.9 
 45.9741421286017 
 186.9 
 46.0004026927054 
 186.9 
 46.0266632568091 
 186.9 
 46.0529238209128 
 186.9 
 46.0791843850166 
 186.9 
 46.1054449491203 
 186.9 
 46.131705513224 
 186.9 
 46.1579660773277 
 186.9 
 46.1842266414315 
 186.9 
 46.2104872055352 
 186.9 
 46.2367477696389 
 186.9 
 46.2630083337426 
 186.9 
 46.2892688978463 
 186.9 
 46.3155294619501 
 186.9 
 46.3417900260538 
 186.9 
 46.3680505901575 
 186.9 
 46.3943111542612 
 186.9 
 46.420571718365 
 186.9 
 46.4468322824687 
 186.9 
 46.4730928465724 
 186.9 
 46.4993534106761 
 186.9 
 46.5256139747798 
 186.9 
 46.5518745388836 
 186.9 
 46.5781351029873 
 186.9 
 46.604395667091 
 186.9 
 46.6306562311947 
 186.9 
 46.6569167952985 
 186.9 
 46.6831773594022 
 186.9 
 46.7094379235059 
 186.9 
 46.7356984876096 
 186.9 
 46.7619590517133 
 186.9 
 46.7882196158171 
 186.9 
 46.8144801799208 
 186.9 
 46.8407407440245 
 186.9 
 46.8670013081282 
 186.9 
 46.893261872232 
 186.9 
 46.9195224363357 
 186.9 
 46.9457830004394 
 186.9 
 46.9720435645431 
 186.9 
 46.9983041286469 
 186.9 
 47.0245646927506 
 186.9 
 47.0508252568543 
 186.9 
 47.077085820958 
 186.9 
 47.1033463850617 
 186.9 
 47.1296069491655 
 186.9 
 47.1558675132692 
 186.9 
 47.1821280773729 
 186.9 
 47.2083886414766 
 186.9 
 47.2346492055804 
 186.9 
 47.2609097696841 
 186.9 
 47.2871703337878 
 186.9 
 47.3134308978915 
 186.9 
 47.3396914619952 
 186.9 
 47.365952026099 
 186.9 
 47.3922125902027 
 186.9 
 47.4184731543064 
 186.9 
 47.4447337184101 
 186.9 
 47.4709942825139 
 186.9 
 47.4972548466176 
 186.9 
 47.5235154107213 
 186.9 
 47.549775974825 
 186.9 
 47.5760365389287 
 186.9 
 47.6022971030325 
 186.9 
 47.6285576671362 
 186.9 
 47.6548182312399 
 186.9 
 47.6810787953436 
 186.9 
 47.7073393594474 
 186.9 
 47.7335999235511 
 186.9 
 47.7598604876548 
 186.9 
 47.7861210517585 
 186.9 
 47.8123816158623 
 186.9 
 47.838642179966 
 186.9 
 47.8649027440697 
 186.9 
 47.8911633081734 
 186.9 
 47.9174238722771 
 186.9 
 47.9436844363809 
 186.9 
 47.9699450004846 
 186.9 
 47.9962055645883 
 186.9 
 48.022466128692 
 186.9 
 48.0487266927958 
 186.9 
 48.0749872568995 
 186.9 
 48.1012478210032 
 186.9 
 48.1275083851069 
 186.9 
 48.1537689492106 
 186.9 
 48.1800295133144 
 186.9 
 48.2062900774181 
 186.9 
 48.2325506415218 
 186.9 
 48.2588112056255 
 186.9 
 48.2850717697293 
 186.9 
 48.311332333833 
 186.9 
 48.3375928979367 
 186.9 
 48.3638534620404 
 186.9 
 48.3901140261441 
 186.9 
 48.4163745902479 
 186.9 
 48.4426351543516 
 186.9 
 48.4688957184553 
 186.9 
 48.495156282559 
 186.9 
 48.5214168466628 
 186.9 
 48.5476774107665 
 186.9 
 48.5739379748702 
 186.9 
 48.6001985389739 
 186.9 
 48.6264591030777 
 186.9 
 48.6527196671814 
 186.9 
 48.6789802312851 
 186.9 
 48.7052407953888 
 186.9 
 48.7315013594925 
 186.9 
 48.7577619235963 
 186.9 
 48.7840224877 
 186.9 
 48.8102830518037 
 186.9 
 48.8365436159074 
 186.9 
 48.8628041800112 
 186.9 
 48.8890647441149 
 186.9 
 48.9153253082186 
 186.9 
 48.9415858723223 
 186.9 
 48.967846436426 
 186.9 
 48.9941070005298 
 186.9 
 49.0203675646335 
 186.9 
 49.0466281287372 
 186.9 
 49.0728886928409 
 186.9 
 49.0991492569447 
 186.9 
 49.1254098210484 
 186.9 
 49.1516703851521 
 186.9 
 49.1779309492558 
 186.9 
 49.2041915133595 
 186.9 
 49.2304520774633 
 186.9 
 49.256712641567 
 186.9 
 49.2829732056707 
 186.9 
 49.3092337697744 
 186.9 
 49.3354943338782 
 186.9 
 49.3617548979819 
 186.9 
 49.3880154620856 
 186.9 
 49.4142760261893 
 186.9 
 49.4405365902931 
 186.9 
 49.4667971543968 
 186.9 
 49.4930577185005 
 186.9 
 49.5193182826042 
 186.9 
 49.5455788467079 
 186.9 
 49.5718394108117 
 186.9 
 49.5980999749154 
 186.9 
 49.6243605390191 
 186.9 
 49.6506211031228 
 186.9 
 49.6768816672266 
 186.9 
 49.7031422313303 
 186.9 
 49.729402795434 
 186.9 
 49.7556633595377 
 186.9 
 49.7819239236414 
 186.9 
 49.8081844877452 
 186.9 
 49.8344450518489 
 186.9 
 49.8607056159526 
 186.9 
 49.8869661800563 
 186.9 
 49.9132267441601 
 186.9 
 49.9394873082638 
 186.9 
 49.9657478723675 
 186.9 
 49.9920084364712 
 186.9 
 50.0182690005749 
 186.9 
 50.0445295646787 
 186.9 
 50.0707901287824 
 186.9 
 50.0970506928861 
 186.9 
 50.1233112569898 
 186.9 
 50.1495718210936 
 186.9 
 50.1758323851973 
 186.9 
 50.202092949301 
 186.9 
 50.2283535134047 
 186.9 
 50.2546140775085 
 186.9 
 50.2808746416122 
 186.9 
 50.3071352057159 
 186.9 
 50.3333957698196 
 186.9 
 50.3596563339233 
 186.9 
 50.3859168980271 
 186.9 
 50.4121774621308 
 186.9 
 50.4384380262345 
 186.9001 
 50.4646985903382 
 176.9 
 50.490959154442 
 176.9 
 50.5172197185457 
 176.9 
 50.5434802826494 
 176.9 
 50.5697408467531 
 176.9 
 50.5960014108568 
 176.8997 
 50.6222619749606 
 152.8996 
 50.6485225390643 
 152.9 
 50.674783103168 
 152.9 
 50.7010436672717 
 152.9 
 50.7273042313755 
 152.9 
 50.7535647954792 
 152.9 
 50.7798253595829 
 152.9 
 50.8060859236866 
 152.9 
 50.8323464877903 
 152.9 
 50.8586070518941 
 152.9 
 50.8848676159978 
 152.9 
 50.9111281801015 
 152.9 
 50.9373887442052 
 152.9 
 50.963649308309 
 152.9 
 50.9899098724127 
 152.9 
 51.0161704365164 
 152.9 
 51.0424310006201 
 152.9 
 51.0686915647238 
 152.8999 
 51.0949521288276 
 136.8998 
 51.1212126929313 
 136.9 
 51.147473257035 
 136.9 
 51.1737338211387 
 136.9 
 51.1999943852425 
 136.9 
 51.2262549493462 
 136.9 
 51.2525155134499 
 136.9 
 51.2787760775536 
 136.9 
 51.3050366416574 
 136.9 
 51.3312972057611 
 136.9 
 51.3575577698648 
 136.9 
 51.3838183339685 
 136.9 
 51.4100788980722 
 136.9 
 51.436339462176 
 136.9 
 51.4626000262797 
 136.9 
 51.4888605903834 
 136.9 
 51.5151211544871 
 136.9 
 51.5413817185909 
 136.9 
 51.5676422826946 
 136.9 
 51.5939028467983 
 136.9 
 51.620163410902 
 136.9 
 51.6464239750057 
 136.9 
 51.6726845391095 
 136.9 
 51.6989451032132 
 136.9 
 51.7252056673169 
 136.9 
 51.7514662314206 
 136.9 
 51.7777267955244 
 136.9 
 51.8039873596281 
 136.9 
 51.8302479237318 
 136.9 
 51.8565084878355 
 136.9 
 51.8827690519392 
 136.9 
 51.909029616043 
 136.9 
 51.9352901801467 
 136.9 
 51.9615507442504 
 136.9 
 51.9878113083541 
 136.9 
 52.0140718724579 
 136.9 
 52.0403324365616 
 136.9 
 52.0665930006653 
 136.9 
 52.092853564769 
 136.9 
 52.1191141288728 
 136.9 
 52.1453746929765 
 136.9 
 52.1716352570802 
 136.9 
 52.1978958211839 
 136.9 
 52.2241563852876 
 136.9 
 52.2504169493914 
 136.9 
 52.2766775134951 
 136.9 
 52.3029380775988 
 136.9 
 52.3291986417025 
 136.9 
 52.3554592058063 
 136.9 
 52.38171976991 
 136.9 
 52.4079803340137 
 136.9 
 52.4342408981174 
 136.9 
 52.4605014622211 
 136.9 
 52.4867620263249 
 136.9 
 52.5130225904286 
 136.9 
 52.5392831545323 
 136.9 
 52.565543718636 
 136.9 
 52.5918042827398 
 136.9 
 52.6180648468435 
 136.9 
 52.6443254109472 
 136.9 
 52.6705859750509 
 136.9 
 52.6968465391546 
 136.9 
 52.7231071032584 
 136.9 
 52.7493676673621 
 136.9 
 52.7756282314658 
 136.9 
 52.8018887955695 
 136.9 
 52.8281493596733 
 136.9 
 52.854409923777 
 136.9 
 52.8806704878807 
 136.9 
 52.9069310519844 
 136.9 
 52.9331916160882 
 136.9 
 52.9594521801919 
 136.9 
 52.9857127442956 
 136.9 
 53.0119733083993 
 136.9 
 53.038233872503 
 136.9 
 53.0644944366068 
 136.9 
 53.0907550007105 
 136.9 
 53.1170155648142 
 136.9 
 53.1432761289179 
 136.9 
 53.1695366930217 
 136.9 
 53.1957972571254 
 136.9 
 53.2220578212291 
 136.9 
 53.2483183853328 
 136.9 
 53.2745789494365 
 136.9 
 53.3008395135403 
 136.9 
 53.327100077644 
 136.9 
 53.3533606417477 
 136.9 
 53.3796212058514 
 136.9 
 53.4058817699552 
 136.9 
 53.4321423340589 
 136.9 
 53.4584028981626 
 136.9 
 53.4846634622663 
 136.9 
 53.51092402637 
 136.9 
 53.5371845904738 
 136.9 
 53.5634451545775 
 136.9 
 53.5897057186812 
 136.9 
 53.6159662827849 
 136.9 
 53.6422268468887 
 136.9 
 53.6684874109924 
 136.9 
 53.6947479750961 
 136.9 
 53.7210085391998 
 136.9 
 53.7472691033036 
 136.9 
 53.7735296674073 
 136.9 
 53.799790231511 
 136.9 
 53.8260507956147 
 136.9 
 53.8523113597184 
 136.9 
 53.8785719238222 
 136.9 
 53.9048324879259 
 136.9 
 53.9310930520296 
 136.9 
 53.9573536161333 
 136.9 
 53.9836141802371 
 136.9 
 54.0098747443408 
 136.9 
 54.0361353084445 
 136.9 
 54.0623958725482 
 136.9 
 54.0886564366519 
 136.9 
 54.1149170007557 
 136.9 
 54.1411775648594 
 136.9 
 54.1674381289631 
 136.9 
 54.1936986930668 
 136.9 
 54.2199592571706 
 136.9 
 54.2462198212743 
 136.9 
 54.272480385378 
 136.9 
 54.2987409494817 
 136.9 
 54.3250015135854 
 136.9 
 54.3512620776892 
 136.9 
 54.3775226417929 
 136.9 
 54.4037832058966 
 136.9 
 54.4300437700003 
 136.9 
 54.4563043341041 
 136.9 
 54.4825648982078 
 136.9 
 54.5088254623115 
 136.9 
 54.5350860264152 
 136.9 
 54.561346590519 
 136.9 
 54.5876071546227 
 136.9 
 54.6138677187264 
 136.9 
 54.6401282828301 
 136.9 
 54.6663888469338 
 136.9 
 54.6926494110376 
 136.9 
 54.7189099751413 
 136.9 
 54.745170539245 
 136.9 
 54.7714311033487 
 136.9 
 54.7976916674525 
 136.9 
 54.8239522315562 
 136.9 
 54.8502127956599 
 136.9 
 54.8764733597636 
 136.9 
 54.9027339238673 
 136.9 
 54.9289944879711 
 136.9 
 54.9552550520748 
 136.9 
 54.9815156161785 
 136.9 
 55.0077761802822 
 136.9 
 55.034036744386 
 136.9 
 55.0602973084897 
 136.9 
 55.0865578725934 
 136.9 
 55.1128184366971 
 136.9 
 55.1390790008008 
 136.9 
 55.1653395649046 
 136.9 
 55.1916001290083 
 136.9 
 55.217860693112 
 136.9 
 55.2441212572157 
 136.9 
 55.2703818213195 
 136.9 
 55.2966423854232 
 136.9 
 55.3229029495269 
 136.9 
 55.3491635136306 
 136.9 
 55.3754240777344 
 136.9 
 55.4016846418381 
 136.9 
 55.4279452059418 
 136.9 
 55.4542057700455 
 136.9 
 55.4804663341492 
 136.9 
 55.506726898253 
 136.9 
 55.5329874623567 
 136.9 
 55.5592480264604 
 136.9 
 55.5855085905641 
 136.9 
 55.6117691546679 
 136.9 
 55.6380297187716 
 136.9 
 55.6642902828753 
 136.9 
 55.690550846979 
 136.9 
 55.7168114110827 
 136.9 
 55.7430719751865 
 136.9 
 55.7693325392902 
 136.9 
 55.7955931033939 
 136.9 
 55.8218536674976 
 136.9 
 55.8481142316014 
 136.9 
 55.8743747957051 
 136.9 
 55.9006353598088 
 136.9 
 55.9268959239125 
 136.9 
 55.9531564880162 
 136.9 
 55.97941705212 
 136.9 
 56.0056776162237 
 136.9 
 56.0319381803274 
 136.9 
 56.0581987444311 
 136.9 
 56.0844593085349 
 136.9 
 56.1107198726386 
 136.9 
 56.1369804367423 
 136.9 
 56.163241000846 
 136.9 
 56.1895015649498 
 136.9 
 56.2157621290535 
 136.9 
 56.2420226931572 
 136.9 
 56.2682832572609 
 136.9 
 56.2945438213646 
 136.9 
 56.3208043854684 
 136.9 
 56.3470649495721 
 136.9 
 56.3733255136758 
 136.9 
 56.3995860777795 
 136.9 
 56.4258466418833 
 136.9 
 56.452107205987 
 136.9 
 56.4783677700907 
 136.9 
 56.5046283341944 
 136.9 
 56.5308888982981 
 136.9 
 56.5571494624019 
 136.9 
 56.5834100265056 
 136.9 
 56.6096705906093 
 136.9 
 56.635931154713 
 136.9 
 56.6621917188168 
 136.9 
 56.6884522829205 
 136.9 
 56.7147128470242 
 136.9 
 56.7409734111279 
 136.9 
 56.7672339752316 
 136.9 
 56.7934945393354 
 136.9 
 56.8197551034391 
 136.9 
 56.8460156675428 
 136.9 
 56.8722762316465 
 136.9 
 56.8985367957503 
 136.9 
 56.924797359854 
 136.9 
 56.9510579239577 
 136.9 
 56.9773184880614 
 136.9 
 57.0035790521652 
 136.9 
 57.0298396162689 
 136.9 
 57.0561001803726 
 136.9 
 57.0823607444763 
 136.9 
 57.10862130858 
 136.9 
 57.1348818726838 
 136.9 
 57.1611424367875 
 136.9 
 57.1874030008912 
 136.9 
 57.2136635649949 
 136.9 
 57.2399241290987 
 136.9 
 57.2661846932024 
 136.9 
 57.2924452573061 
 136.9 
 57.3187058214098 
 136.9 
 57.3449663855135 
 136.9 
 57.3712269496173 
 136.9 
 57.397487513721 
 136.9 
 57.4237480778247 
 136.9 
 57.4500086419284 
 136.9 
 57.4762692060322 
 136.9 
 57.5025297701359 
 136.9 
 57.5287903342396 
 136.9 
 57.5550508983433 
 136.9 
 57.581311462447 
 136.9 
 57.6075720265508 
 136.8999 
 57.6338325906545 
 131.8998 
 57.6600931547582 
 131.9 
 57.6863537188619 
 131.9 
 57.7126142829657 
 131.9 
 57.7388748470694 
 131.901 
 57.7651354111731 
 121.901 
 57.7913959752768 
 121.9 
 57.8176565393806 
 121.9 
 57.8439171034843 
 121.9 
 57.870177667588 
 121.9 
 57.8964382316917 
 121.9 
 57.9226987957954 
 121.9 
 57.9489593598992 
 121.9 
 57.9752199240029 
 121.9 
 58.0014804881066 
 121.9 
 58.0277410522103 
 121.9 
 58.0540016163141 
 121.9 
 58.0802621804178 
 121.9 
 58.1065227445215 
 121.9 
 58.1327833086252 
 121.9 
 58.1590438727289 
 121.9 
 58.1853044368327 
 121.9 
 58.2115650009364 
 121.9 
 58.2378255650401 
 121.9 
 58.2640861291438 
 121.9 
 58.2903466932476 
 121.9 
 58.3166072573513 
 121.9 
 58.342867821455 
 121.9 
 58.3691283855587 
 121.9 
 58.3953889496624 
 121.9 
 58.4216495137662 
 121.9 
 58.4479100778699 
 121.9 
 58.4741706419736 
 121.9 
 58.5004312060773 
 121.9 
 58.5266917701811 
 121.9 
 58.5529523342848 
 121.9 
 58.5792128983885 
 121.9 
 58.6054734624922 
 121.9 
 58.631734026596 
 121.9 
 58.6579945906997 
 121.9 
 58.6842551548034 
 121.9 
 58.7105157189071 
 121.9 
 58.7367762830108 
 121.9 
 58.7630368471146 
 121.9 
 58.7892974112183 
 121.9 
 58.815557975322 
 121.9 
 58.8418185394257 
 121.9 
 58.8680791035295 
 121.9 
 58.8943396676332 
 121.9 
 58.9206002317369 
 121.9 
 58.9468607958406 
 121.9 
 58.9731213599443 
 121.9 
 58.9993819240481 
 121.9 
 59.0256424881518 
 121.9 
 59.0519030522555 
 121.9 
 59.0781636163592 
 121.9 
 59.104424180463 
 121.9 
 59.1306847445667 
 121.9 
 59.1569453086704 
 121.9 
 59.1832058727741 
 121.9 
 59.2094664368778 
 121.9 
 59.2357270009816 
 121.9 
 59.2619875650853 
 121.9 
 59.288248129189 
 121.9 
 59.3145086932927 
 121.9 
 59.3407692573965 
 121.9 
 59.3670298215002 
 121.9 
 59.3932903856039 
 121.9 
 59.4195509497076 
 121.9 
 59.4458115138114 
 121.9 
 59.4720720779151 
 121.9 
 59.4983326420188 
 121.9 
 59.5245932061225 
 121.9 
 59.5508537702262 
 121.9 
 59.57711433433 
 121.9 
 59.6033748984337 
 121.9 
 59.6296354625374 
 121.9 
 59.6558960266411 
 121.9 
 59.6821565907449 
 121.9 
 59.7084171548486 
 121.9 
 59.7346777189523 
 121.9 
 59.760938283056 
 121.9 
 59.7871988471597 
 121.9 
 59.8134594112635 
 121.9 
 59.8397199753672 
 121.9 
 59.8659805394709 
 121.9 
 59.8922411035746 
 121.9 
 59.9185016676784 
 121.9 
 59.9447622317821 
 121.9 
 59.9710227958858 
 121.9 
 59.9972833599895 
 121.9 
 60.0235439240932 
 121.9 
 60.049804488197 
 121.9 
 60.0760650523007 
 121.9 
 60.1023256164044 
 121.9 
 60.1285861805081 
 121.9 
 60.1548467446119 
 121.9 
 60.1811073087156 
 121.9 
 60.2073678728193 
 121.9 
 60.233628436923 
 121.9 
 60.2598890010268 
 121.9 
 60.2861495651305 
 121.9 
 60.3124101292342 
 121.9 
 60.3386706933379 
 121.9 
 60.3649312574416 
 121.9 
 60.3911918215454 
 121.9 
 60.4174523856491 
 121.9 
 60.4437129497528 
 121.9 
 60.4699735138565 
 121.9 
 60.4962340779603 
 121.9 
 60.522494642064 
 121.9 
 60.5487552061677 
 121.9 
 60.5750157702714 
 121.9 
 60.6012763343751 
 121.9 
 60.6275368984789 
 121.9 
 60.6537974625826 
 121.9 
 60.6800580266863 
 121.9 
 60.70631859079 
 121.9 
 60.7325791548938 
 121.9 
 60.7588397189975 
 121.9 
 60.7851002831012 
 121.9 
 60.8113608472049 
 121.9 
 60.8376214113086 
 121.9 
 60.8638819754124 
 121.9 
 60.8901425395161 
 121.9 
 60.9164031036198 
 121.9 
 60.9426636677235 
 121.9 
 60.9689242318273 
 121.9 
 60.995184795931 
 121.9 
 61.0214453600347 
 121.9 
 61.0477059241384 
 121.9 
 61.0739664882421 
 121.9 
 61.1002270523459 
 121.9 
 61.1264876164496 
 121.9 
 61.1527481805533 
 121.9 
 61.179008744657 
 121.9 
 61.2052693087608 
 121.9 
 61.2315298728645 
 121.9 
 61.2577904369682 
 121.9 
 61.2840510010719 
 121.9 
 61.3103115651757 
 121.9 
 61.3365721292794 
 121.9 
 61.3628326933831 
 121.9 
 61.3890932574868 
 121.9 
 61.4153538215905 
 121.9 
 61.4416143856943 
 121.9 
 61.467874949798 
 121.9 
 61.4941355139017 
 121.9 
 61.5203960780054 
 121.9 
 61.5466566421092 
 121.9 
 61.5729172062129 
 121.9 
 61.5991777703166 
 121.9 
 61.6254383344203 
 121.9 
 61.651698898524 
 121.9 
 61.6779594626278 
 121.9 
 61.7042200267315 
 121.9 
 61.7304805908352 
 121.9 
 61.7567411549389 
 121.9 
 61.7830017190427 
 121.9 
 61.8092622831464 
 121.9 
 61.8355228472501 
 121.9 
 61.8617834113538 
 121.9 
 61.8880439754575 
 121.9 
 61.9143045395613 
 121.9 
 61.940565103665 
 121.9 
 61.9668256677687 
 121.9 
 61.9930862318724 
 121.9 
 62.0193467959762 
 121.9 
 62.0456073600799 
 121.9 
 62.0718679241836 
 121.9 
 62.0981284882873 
 121.9 
 62.1243890523911 
 121.9 
 62.1506496164948 
 121.9 
 62.1769101805985 
 121.9 
 62.2031707447022 
 121.9 
 62.2294313088059 
 121.9 
 62.2556918729097 
 121.9 
 62.2819524370134 
 121.9 
 62.3082130011171 
 121.9 
 62.3344735652208 
 121.9 
 62.3607341293246 
 121.9 
 62.3869946934283 
 121.9 
 62.413255257532 
 121.9 
 62.4395158216357 
 121.9 
 62.4657763857394 
 121.9 
 62.4920369498432 
 121.9 
 62.5182975139469 
 121.9 
 62.5445580780506 
 121.9 
 62.5708186421543 
 121.9 
 62.5970792062581 
 121.9 
 62.6233397703618 
 121.9 
 62.6496003344655 
 121.9 
 62.6758608985692 
 121.9 
 62.7021214626729 
 121.9 
 62.7283820267767 
 121.9 
 62.7546425908804 
 121.9 
 62.7809031549841 
 121.9 
 62.8071637190878 
 121.9 
 62.8334242831916 
 121.9 
 62.8596848472953 
 121.9 
 62.885945411399 
 121.9 
 62.9122059755027 
 121.9 
 62.9384665396065 
 121.9 
 62.9647271037102 
 121.9 
 62.9909876678139 
 121.9 
 63.0172482319176 
 121.9 
 63.0435087960213 
 121.9 
 63.0697693601251 
 121.9 
 63.0960299242288 
 121.9 
 63.1222904883325 
 121.9 
 63.1485510524362 
 121.9 
 63.17481161654 
 121.9 
 63.2010721806437 
 121.9 
 63.2273327447474 
 121.9 
 63.2535933088511 
 121.9 
 63.2798538729548 
 121.9 
 63.3061144370586 
 121.9 
 63.3323750011623 
 121.9 
 63.358635565266 
 121.9 
 63.3848961293697 
 121.9 
 63.4111566934735 
 121.9 
 63.4374172575772 
 121.9 
 63.4636778216809 
 121.9 
 63.4899383857846 
 121.9 
 63.5161989498883 
 121.9 
 63.5424595139921 
 121.9 
 63.5687200780958 
 121.9 
 63.5949806421995 
 121.9 
 63.6212412063032 
 121.9 
 63.647501770407 
 121.9 
 63.6737623345107 
 121.9 
 63.7000228986144 
 121.9 
 63.7262834627181 
 121.9 
 63.7525440268219 
 121.9 
 63.7788045909256 
 121.9 
 63.8050651550293 
 121.9 
 63.831325719133 
 121.9 
 63.8575862832367 
 121.9 
 63.8838468473405 
 121.9 
 63.9101074114442 
 121.9 
 63.9363679755479 
 121.9 
 63.9626285396516 
 121.9 
 63.9888891037554 
 121.9 
 64.0151496678591 
 121.9 
 64.0414102319628 
 121.9 
 64.0676707960665 
 121.9 
 64.0939313601702 
 121.9 
 64.120191924274 
 121.9 
 64.1464524883777 
 121.9 
 64.1727130524814 
 121.9 
 64.1989736165851 
 121.9 
 64.2252341806889 
 121.9 
 64.2514947447926 
 121.9 
 64.2777553088963 
 121.9 
 64.304015873 
 121.9 
 64.3302764371037 
 121.9 
 64.3565370012075 
 121.9 
 64.3827975653112 
 121.9 
 64.4090581294149 
 121.9 
 64.4353186935186 
 121.9 
 64.4615792576224 
 121.9 
 64.4878398217261 
 121.9 
 64.5141003858298 
 121.9 
 64.5403609499335 
 121.9 
 64.5666215140373 
 121.9 
 64.592882078141 
 121.9 
 64.6191426422447 
 121.9 
 64.6454032063484 
 121.9 
 64.6716637704521 
 121.9 
 64.6979243345559 
 121.9 
 64.7241848986596 
 121.9 
 64.7504454627633 
 121.8999 
 64.776706026867 
 119.8996 
 64.8029665909708 
 114.8997 
 64.8292271550745 
 114.9 
 64.8554877191782 
 114.9 
 64.8817482832819 
 114.9 
 64.9080088473856 
 114.9 
 64.9342694114894 
 114.9 
 64.9605299755931 
 114.9 
 64.9867905396968 
 114.9 
 65.0130511038005 
 114.9 
 65.0393116679043 
 114.9 
 65.065572232008 
 114.9 
 65.0918327961117 
 114.9 
 65.1180933602154 
 114.9 
 65.1443539243191 
 114.9 
 65.1706144884229 
 114.9 
 65.1968750525266 
 114.9 
 65.2231356166303 
 114.9 
 65.249396180734 
 114.9 
 65.2756567448378 
 114.9 
 65.3019173089415 
 114.9 
 65.3281778730452 
 114.9 
 65.3544384371489 
 114.9 
 65.3806990012527 
 114.9 
 65.4069595653564 
 114.9 
 65.4332201294601 
 114.9 
 65.4594806935638 
 105.8999 
 65.4857412576675 
 105.9 
 65.5120018217713 
 105.9 
 65.538262385875 
 105.9 
 65.5645229499787 
 105.9 
 65.5907835140824 
 105.9 
 65.6170440781862 
 105.9 
 65.6433046422899 
 105.9 
 65.6695652063936 
 105.9 
 65.6958257704973 
 105.9 
 65.722086334601 
 105.9 
 65.7483468987048 
 105.9 
 65.7746074628085 
 105.9 
 65.8008680269122 
 105.9 
 65.8271285910159 
 105.9 
 65.8533891551197 
 105.9 
 65.8796497192234 
 105.9 
 65.9059102833271 
 105.9 
 65.9321708474308 
 105.9 
 65.9584314115345 
 105.9 
 65.9846919756383 
 105.9 
 66.010952539742 
 105.9 
 66.0372131038457 
 105.9 
 66.0634736679494 
 105.9 
 66.0897342320532 
 105.9 
 66.1159947961569 
 105.9 
 66.1422553602606 
 105.9 
 66.1685159243643 
 105.9 
 66.1947764884681 
 105.9 
 66.2210370525718 
 105.9 
 66.2472976166755 
 105.9 
 66.2735581807792 
 105.9 
 66.2998187448829 
 105.9 
 66.3260793089867 
 105.9 
 66.3523398730904 
 105.9 
 66.3786004371941 
 105.9 
 66.4048610012978 
 105.9 
 66.4311215654016 
 105.9 
 66.4573821295053 
 105.9 
 66.483642693609 
 105.9 
 66.5099032577127 
 105.9 
 66.5361638218164 
 105.9 
 66.5624243859202 
 105.9 
 66.5886849500239 
 105.9 
 66.6149455141276 
 105.9 
 66.6412060782313 
 105.9 
 66.6674666423351 
 105.9 
 66.6937272064388 
 105.9 
 66.7199877705425 
 105.9 
 66.7462483346462 
 105.9 
 66.7725088987499 
 105.9 
 66.7987694628537 
 105.9 
 66.8250300269574 
 105.9 
 66.8512905910611 
 105.9 
 66.8775511551648 
 105.9 
 66.9038117192686 
 105.9 
 66.9300722833723 
 105.9 
 66.956332847476 
 105.9 
 66.9825934115797 
 105.9 
 67.0088539756835 
 105.9 
 67.0351145397872 
 105.9 
 67.0613751038909 
 105.9 
 67.0876356679946 
 105.9 
 67.1138962320983 
 105.9 
 67.1401567962021 
 105.9 
 67.1664173603058 
 105.9 
 67.1926779244095 
 105.9 
 67.2189384885132 
 105.9 
 67.245199052617 
 105.9 
 67.2714596167207 
 105.9 
 67.2977201808244 
 105.9 
 67.3239807449281 
 105.9 
 67.3502413090318 
 105.9 
 67.3765018731356 
 105.9 
 67.4027624372393 
 105.9 
 67.429023001343 
 105.9 
 67.4552835654467 
 105.9 
 67.4815441295505 
 105.9 
 67.5078046936542 
 105.9 
 67.5340652577579 
 105.9 
 67.5603258218616 
 105.9 
 67.5865863859653 
 105.9 
 67.6128469500691 
 105.9 
 67.6391075141728 
 105.9 
 67.6653680782765 
 105.9 
 67.6916286423802 
 105.9 
 67.717889206484 
 105.9 
 67.7441497705877 
 105.9 
 67.7704103346914 
 105.9 
 67.7966708987951 
 105.9 
 67.8229314628989 
 105.9 
 67.8491920270026 
 105.9 
 67.8754525911063 
 105.9 
 67.90171315521 
 105.9 
 67.9279737193137 
 105.9 
 67.9542342834175 
 105.9 
 67.9804948475212 
 105.9 
 68.0067554116249 
 105.9 
 68.0330159757286 
 105.9 
 68.0592765398324 
 105.9 
 68.0855371039361 
 105.9 
 68.1117976680398 
 105.9 
 68.1380582321435 
 105.9 
 68.1643187962472 
 105.9 
 68.190579360351 
 105.9 
 68.2168399244547 
 105.9 
 68.2431004885584 
 105.9 
 68.2693610526621 
 105.9 
 68.2956216167659 
 105.9 
 68.3218821808696 
 105.9 
 68.3481427449733 
 105.9 
 68.374403309077 
 105.9 
 68.4006638731807 
 105.9 
 68.4269244372845 
 105.9 
 68.4531850013882 
 105.9 
 68.4794455654919 
 105.9 
 68.5057061295956 
 105.9 
 68.5319666936994 
 105.9 
 68.5582272578031 
 105.9 
 68.5844878219068 
 105.9 
 68.6107483860105 
 105.9 
 68.6370089501143 
 105.9 
 68.663269514218 
 105.9 
 68.6895300783217 
 105.9 
 68.7157906424254 
 105.9 
 68.7420512065291 
 105.9 
 68.7683117706329 
 105.9 
 68.7945723347366 
 105.9 
 68.8208328988403 
 105.9 
 68.847093462944 
 105.9 
 68.8733540270478 
 105.9 
 68.8996145911515 
 105.9 
 68.9258751552552 
 105.9 
 68.9521357193589 
 105.9 
 68.9783962834626 
 105.9 
 69.0046568475664 
 105.9 
 69.0309174116701 
 105.9 
 69.0571779757738 
 105.9 
 69.0834385398775 
 105.9 
 69.1096991039813 
 105.9 
 69.135959668085 
 105.9 
 69.1622202321887 
 105.9 
 69.1884807962924 
 105.9 
 69.2147413603961 
 105.9 
 69.2410019244999 
 105.9 
 69.2672624886036 
 105.9 
 69.2935230527073 
 105.9 
 69.319783616811 
 105.9 
 69.3460441809148 
 105.9 
 69.3723047450185 
 105.9 
 69.3985653091222 
 105.9 
 69.4248258732259 
 105.9 
 69.4510864373297 
 105.9 
 69.4773470014334 
 105.9 
 69.5036075655371 
 105.9 
 69.5298681296408 
 105.9 
 69.5561286937445 
 105.9 
 69.5823892578483 
 105.9 
 69.608649821952 
 105.9 
 69.6349103860557 
 105.9 
 69.6611709501594 
 105.9 
 69.6874315142632 
 105.9 
 69.7136920783669 
 105.9 
 69.7399526424706 
 105.9 
 69.7662132065743 
 105.9 
 69.792473770678 
 105.9 
 69.8187343347818 
 105.9 
 69.8449948988855 
 105.9 
 69.8712554629892 
 105.9 
 69.8975160270929 
 105.9 
 69.9237765911967 
 105.9 
 69.9500371553004 
 105.9 
 69.9762977194041 
 105.9 
 70.0025582835078 
 105.9 
 70.0288188476115 
 105.9 
 70.0550794117153 
 105.9 
 70.081339975819 
 105.9 
 70.1076005399227 
 105.9 
 70.1338611040264 
 105.9 
 70.1601216681302 
 105.9 
 70.1863822322339 
 105.9 
 70.2126427963376 
 105.9 
 70.2389033604413 
 105.9 
 70.2651639245451 
 105.9 
 70.2914244886488 
 105.9 
 70.3176850527525 
 105.9 
 70.3439456168562 
 105.9 
 70.3702061809599 
 105.9 
 70.3964667450637 
 105.9 
 70.4227273091674 
 105.9 
 70.4489878732711 
 105.9 
 70.4752484373748 
 105.9 
 70.5015090014786 
 105.9 
 70.5277695655823 
 105.9 
 70.554030129686 
 105.9 
 70.5802906937897 
 105.9 
 70.6065512578934 
 105.9 
 70.6328118219972 
 105.9 
 70.6590723861009 
 105.9 
 70.6853329502046 
 105.9 
 70.7115935143083 
 105.9 
 70.7378540784121 
 105.9 
 70.7641146425158 
 105.9 
 70.7903752066195 
 105.9 
 70.8166357707232 
 105.9 
 70.8428963348269 
 105.9 
 70.8691568989307 
 105.9 
 70.8954174630344 
 105.8997 
 70.9216780271381 
 92.89966 
 70.9479385912418 
 92.9 
 70.9741991553456 
 92.9 
 71.0004597194493 
 92.9 
 71.026720283553 
 92.9 
 71.0529808476567 
 92.9 
 71.0792414117604 
 92.9 
 71.1055019758642 
 92.9 
 71.1317625399679 
 92.9 
 71.1580231040716 
 92.9 
 71.1842836681753 
 92.9 
 71.2105442322791 
 92.9 
 71.2368047963828 
 92.9 
 71.2630653604865 
 92.9 
 71.2893259245902 
 92.9 
 71.315586488694 
 92.9 
 71.3418470527977 
 92.9 
 71.3681076169014 
 92.9 
 71.3943681810051 
 92.9 
 71.4206287451088 
 92.9 
 71.4468893092126 
 92.9 
 71.4731498733163 
 92.9 
 71.49941043742 
 92.9 
 71.5256710015237 
 92.9 
 71.5519315656275 
 92.9 
 71.5781921297312 
 92.9 
 71.6044526938349 
 92.9 
 71.6307132579386 
 92.9 
 71.6569738220423 
 92.9 
 71.6832343861461 
 92.9 
 71.7094949502498 
 92.9 
 71.7357555143535 
 92.9 
 71.7620160784572 
 92.9 
 71.788276642561 
 92.9 
 71.8145372066647 
 92.9 
 71.8407977707684 
 92.9 
 71.8670583348721 
 92.9 
 71.8933188989758 
 92.9 
 71.9195794630796 
 92.9 
 71.9458400271833 
 92.9 
 71.972100591287 
 92.9 
 71.9983611553907 
 92.9 
 72.0246217194945 
 92.9 
 72.0508822835982 
 92.9 
 72.0771428477019 
 92.9 
 72.1034034118056 
 92.9 
 72.1296639759094 
 92.9 
 72.1559245400131 
 92.9 
 72.1821851041168 
 92.9 
 72.2084456682205 
 92.9 
 72.2347062323242 
 92.9 
 72.260966796428 
 92.9 
 72.2872273605317 
 92.9 
 72.3134879246354 
 92.9 
 72.3397484887391 
 92.9 
 72.3660090528429 
 92.9 
 72.3922696169466 
 92.9 
 72.4185301810503 
 92.9 
 72.444790745154 
 92.9 
 72.4710513092577 
 92.9 
 72.4973118733615 
 92.9 
 72.5235724374652 
 92.9 
 72.5498330015689 
 92.9 
 72.5760935656726 
 92.9 
 72.6023541297764 
 92.9 
 72.6286146938801 
 92.9 
 72.6548752579838 
 92.9 
 72.6811358220875 
 92.9 
 72.7073963861912 
 92.9 
 72.733656950295 
 92.9 
 72.7599175143987 
 92.9 
 72.7861780785024 
 92.9 
 72.8124386426061 
 92.9 
 72.8386992067099 
 92.9 
 72.8649597708136 
 92.9 
 72.8912203349173 
 92.9 
 72.917480899021 
 92.9 
 72.9437414631248 
 92.9 
 72.9700020272285 
 92.9 
 72.9962625913322 
 92.9 
 73.0225231554359 
 92.9 
 73.0487837195396 
 92.9 
 73.0750442836434 
 92.9 
 73.1013048477471 
 92.9 
 73.1275654118508 
 92.9 
 73.1538259759545 
 92.9 
 73.1800865400583 
 92.9 
 73.206347104162 
 92.9 
 73.2326076682657 
 92.9 
 73.2588682323694 
 92.9 
 73.2851287964731 
 92.9 
 73.3113893605769 
 92.9 
 73.3376499246806 
 92.9 
 73.3639104887843 
 92.9 
 73.390171052888 
 92.9 
 73.4164316169918 
 92.9 
 73.4426921810955 
 92.9 
 73.4689527451992 
 92.9 
 73.4952133093029 
 92.9 
 73.5214738734066 
 92.9 
 73.5477344375104 
 92.9 
 73.5739950016141 
 92.9 
 73.6002555657178 
 92.9 
 73.6265161298215 
 92.9 
 73.6527766939253 
 92.9 
 73.679037258029 
 92.9 
 73.7052978221327 
 92.9 
 73.7315583862364 
 92.9 
 73.7578189503402 
 92.9 
 73.7840795144439 
 92.9 
 73.8103400785476 
 92.9 
 73.8366006426513 
 92.9 
 73.862861206755 
 92.9 
 73.8891217708588 
 92.9 
 73.9153823349625 
 92.9 
 73.9416428990662 
 92.9 
 73.9679034631699 
 92.9 
 73.9941640272737 
 92.9 
 74.0204245913774 
 92.9 
 74.0466851554811 
 92.9 
 74.0729457195848 
 92.9 
 74.0992062836885 
 92.9 
 74.1254668477923 
 92.9 
 74.151727411896 
 92.9 
 74.1779879759997 
 92.9 
 74.2042485401034 
 92.9 
 74.2305091042072 
 92.9 
 74.2567696683109 
 92.9 
 74.2830302324146 
 92.9 
 74.3092907965183 
 92.9 
 74.335551360622 
 92.9 
 74.3618119247258 
 92.9 
 74.3880724888295 
 92.9 
 74.4143330529332 
 92.9 
 74.4405936170369 
 92.9 
 74.4668541811407 
 92.9 
 74.4931147452444 
 92.9 
 74.5193753093481 
 92.9 
 74.5456358734518 
 92.9 
 74.5718964375556 
 92.9 
 74.5981570016593 
 92.9 
 74.624417565763 
 92.9 
 74.6506781298667 
 92.9 
 74.6769386939704 
 92.9 
 74.7031992580742 
 92.9 
 74.7294598221779 
 92.9 
 74.7557203862816 
 92.9 
 74.7819809503853 
 92.9 
 74.8082415144891 
 92.9 
 74.8345020785928 
 92.9 
 74.8607626426965 
 92.9 
 74.8870232068002 
 92.9 
 74.9132837709039 
 92.9 
 74.9395443350077 
 92.9 
 74.9658048991114 
 92.9 
 74.9920654632151 
 92.9 
 75.0183260273188 
 92.9 
 75.0445865914226 
 92.9 
 75.0708471555263 
 92.9 
 75.09710771963 
 92.9 
 75.1233682837337 
 92.9 
 75.1496288478374 
 92.9 
 75.1758894119412 
 92.9 
 75.2021499760449 
 92.9 
 75.2284105401486 
 92.9 
 75.2546711042523 
 92.9 
 75.2809316683561 
 92.9 
 75.3071922324598 
 92.9 
 75.3334527965635 
 92.9 
 75.3597133606672 
 92.9 
 75.385973924771 
 92.9 
 75.4122344888747 
 92.9 
 75.4384950529784 
 92.9 
 75.4647556170821 
 92.9 
 75.4910161811858 
 92.9 
 75.5172767452896 
 92.9 
 75.5435373093933 
 92.9 
 75.569797873497 
 92.9 
 75.5960584376007 
 92.9 
 75.6223190017045 
 92.9 
 75.6485795658082 
 92.9 
 75.6748401299119 
 92.9 
 75.7011006940156 
 92.9 
 75.7273612581193 
 92.9 
 75.7536218222231 
 92.9 
 75.7798823863268 
 92.9 
 75.8061429504305 
 92.9 
 75.8324035145342 
 92.9 
 75.858664078638 
 92.9 
 75.8849246427417 
 92.9 
 75.9111852068454 
 92.9 
 75.9374457709491 
 92.9 
 75.9637063350528 
 92.9 
 75.9899668991566 
 92.9 
 76.0162274632603 
 92.9 
 76.042488027364 
 92.9 
 76.0687485914677 
 92.9 
 76.0950091555715 
 92.9 
 76.1212697196752 
 92.9 
 76.1475302837789 
 92.9 
 76.1737908478826 
 92.9 
 76.2000514119864 
 92.9 
 76.2263119760901 
 92.9 
 76.2525725401938 
 92.9 
 76.2788331042975 
 92.9 
 76.3050936684012 
 92.9 
 76.331354232505 
 92.9 
 76.3576147966087 
 92.9 
 76.3838753607124 
 92.9 
 76.4101359248161 
 92.9 
 76.4363964889199 
 92.9 
 76.4626570530236 
 92.9 
 76.4889176171273 
 92.9 
 76.515178181231 
 92.9 
 76.5414387453347 
 92.9 
 76.5676993094385 
 92.9 
 76.5939598735422 
 92.9 
 76.6202204376459 
 92.9 
 76.6464810017496 
 92.9 
 76.6727415658534 
 92.9 
 76.6990021299571 
 92.9 
 76.7252626940608 
 92.9 
 76.7515232581645 
 92.9 
 76.7777838222682 
 92.9 
 76.804044386372 
 92.9 
 76.8303049504757 
 92.9 
 76.8565655145794 
 92.9 
 76.8828260786831 
 92.9 
 76.9090866427869 
 92.9 
 76.9353472068906 
 92.9 
 76.9616077709943 
 92.9 
 76.987868335098 
 92.9 
 77.0141288992018 
 92.9 
 77.0403894633055 
 92.9 
 77.0666500274092 
 92.9 
 77.0929105915129 
 92.9 
 77.1191711556166 
 92.9 
 77.1454317197204 
 92.9 
 77.1716922838241 
 92.9 
 77.1979528479278 
 92.9 
 77.2242134120315 
 92.9 
 77.2504739761353 
 92.9 
 77.276734540239 
 92.9 
 77.3029951043427 
 92.9 
 77.3292556684464 
 92.9 
 77.3555162325501 
 92.9 
 77.3817767966539 
 92.9 
 77.4080373607576 
 92.9 
 77.4342979248613 
 92.9 
 77.460558488965 
 92.9 
 77.4868190530688 
 92.9 
 77.5130796171725 
 92.9 
 77.5393401812762 
 92.9 
 77.5656007453799 
 92.9 
 77.5918613094836 
 92.9 
 77.6181218735874 
 92.9 
 77.6443824376911 
 92.9 
 77.6706430017948 
 92.9 
 77.6969035658985 
 92.9 
 77.7231641300023 
 92.9 
 77.749424694106 
 92.9 
 77.7756852582097 
 92.9 
 77.8019458223134 
 92.9 
 77.8282063864172 
 92.9 
 77.8544669505209 
 92.9 
 77.8807275146246 
 92.9 
 77.9069880787283 
 92.9 
 77.933248642832 
 92.9 
 77.9595092069358 
 92.90025 
 77.9857697710395 
 84.90022 
 78.0120303351432 
 84.9 
 78.0382908992469 
 84.9 
 78.0645514633507 
 84.9 
 78.0908120274544 
 84.9 
 78.1170725915581 
 84.9 
 78.1433331556618 
 84.9 
 78.1695937197655 
 84.9 
 78.1958542838693 
 84.9 
 78.222114847973 
 84.89909 
 78.2483754120767 
 78.89908 
 78.2746359761804 
 78.9 
 78.3008965402842 
 78.9 
 78.3271571043879 
 78.9 
 78.3534176684916 
 78.9 
 78.3796782325953 
 78.9 
 78.405938796699 
 78.9 
 78.4321993608028 
 78.9 
 78.4584599249065 
 78.9 
 78.4847204890102 
 78.9 
 78.5109810531139 
 78.9 
 78.5372416172177 
 78.9 
 78.5635021813214 
 78.9 
 78.5897627454251 
 78.9 
 78.6160233095288 
 78.9 
 78.6422838736326 
 78.9 
 78.6685444377363 
 78.9 
 78.69480500184 
 78.9 
 78.7210655659437 
 78.9 
 78.7473261300474 
 78.9 
 78.7735866941512 
 78.9 
 78.7998472582549 
 78.9 
 78.8261078223586 
 78.9 
 78.8523683864623 
 78.9 
 78.8786289505661 
 78.9 
 78.9048895146698 
 78.9 
 78.9311500787735 
 78.9 
 78.9574106428772 
 78.9 
 78.9836712069809 
 78.9 
 79.0099317710847 
 78.9 
 79.0361923351884 
 78.9 
 79.0624528992921 
 78.9 
 79.0887134633958 
 78.9 
 79.1149740274996 
 78.9 
 79.1412345916033 
 78.9 
 79.167495155707 
 78.9 
 79.1937557198107 
 78.9 
 79.2200162839144 
 78.9 
 79.2462768480182 
 78.9 
 79.2725374121219 
 78.9 
 79.2987979762256 
 78.9 
 79.3250585403293 
 78.9 
 79.3513191044331 
 78.9 
 79.3775796685368 
 78.9 
 79.4038402326405 
 78.9 
 79.4301007967442 
 78.9 
 79.456361360848 
 78.9 
 79.4826219249517 
 78.9 
 79.5088824890554 
 78.9 
 79.5351430531591 
 78.9 
 79.5614036172628 
 78.9 
 79.5876641813666 
 78.9 
 79.6139247454703 
 78.9 
 79.640185309574 
 78.9 
 79.6664458736777 
 78.9 
 79.6927064377815 
 78.9 
 79.7189670018852 
 78.9 
 79.7452275659889 
 78.9 
 79.7714881300926 
 78.9 
 79.7977486941963 
 78.9 
 79.8240092583001 
 78.9 
 79.8502698224038 
 78.9 
 79.8765303865075 
 78.9 
 79.9027909506112 
 78.9 
 79.929051514715 
 78.9 
 79.9553120788187 
 78.9 
 79.9815726429224 
 78.9 
 80.0078332070261 
 78.9 
 80.0340937711298 
 78.9 
 80.0603543352336 
 78.9 
 80.0866148993373 
 78.9 
 80.112875463441 
 78.9 
 80.1391360275447 
 78.9 
 80.1653965916485 
 78.9 
 80.1916571557522 
 78.9 
 80.2179177198559 
 78.9 
 80.2441782839596 
 78.9 
 80.2704388480634 
 78.9 
 80.2966994121671 
 78.9 
 80.3229599762708 
 78.9 
 80.3492205403745 
 78.9 
 80.3754811044782 
 78.9 
 80.401741668582 
 78.9 
 80.4280022326857 
 78.9 
 80.4542627967894 
 78.9 
 80.4805233608931 
 78.9 
 80.5067839249969 
 78.9 
 80.5330444891006 
 78.9 
 80.5593050532043 
 78.9 
 80.585565617308 
 78.9 
 80.6118261814117 
 78.9 
 80.6380867455155 
 78.9 
 80.6643473096192 
 78.9 
 80.6906078737229 
 78.9 
 80.7168684378266 
 78.9 
 80.7431290019304 
 78.9 
 80.7693895660341 
 78.9 
 80.7956501301378 
 78.9 
 80.8219106942415 
 78.9 
 80.8481712583452 
 78.9 
 80.874431822449 
 78.9 
 80.9006923865527 
 78.9 
 80.9269529506564 
 78.9 
 80.9532135147601 
 78.9 
 80.9794740788639 
 78.9 
 81.0057346429676 
 78.9 
 81.0319952070713 
 78.9 
 81.058255771175 
 78.9 
 81.0845163352787 
 78.9 
 81.1107768993825 
 78.9 
 81.1370374634862 
 78.9 
 81.1632980275899 
 78.9 
 81.1895585916936 
 78.9 
 81.2158191557974 
 78.9 
 81.2420797199011 
 78.9 
 81.2683402840048 
 78.9 
 81.2946008481085 
 78.9 
 81.3208614122123 
 78.9 
 81.347121976316 
 78.9 
 81.3733825404197 
 78.9 
 81.3996431045234 
 78.9 
 81.4259036686271 
 78.9 
 81.4521642327309 
 78.9 
 81.4784247968346 
 78.9 
 81.5046853609383 
 78.9 
 81.530945925042 
 78.9 
 81.5572064891458 
 78.9 
 81.5834670532495 
 78.9 
 81.6097276173532 
 78.9 
 81.6359881814569 
 78.9 
 81.6622487455606 
 78.9 
 81.6885093096644 
 78.9 
 81.7147698737681 
 78.9 
 81.7410304378718 
 78.9 
 81.7672910019755 
 78.9 
 81.7935515660793 
 78.9 
 81.819812130183 
 78.9 
 81.8460726942867 
 78.9 
 81.8723332583904 
 78.9 
 81.8985938224941 
 78.9 
 81.9248543865979 
 78.9 
 81.9511149507016 
 78.9 
 81.9773755148053 
 78.9 
 82.003636078909 
 78.9 
 82.0298966430128 
 78.9 
 82.0561572071165 
 78.9 
 82.0824177712202 
 78.9 
 82.1086783353239 
 78.9 
 82.1349388994277 
 78.9 
 82.1611994635314 
 78.9 
 82.1874600276351 
 78.9 
 82.2137205917388 
 78.9 
 82.2399811558425 
 78.9 
 82.2662417199463 
 78.9 
 82.29250228405 
 78.9 
 82.3187628481537 
 78.9 
 82.3450234122574 
 78.9 
 82.3712839763612 
 78.9 
 82.3975445404649 
 78.9 
 82.4238051045686 
 78.9 
 82.4500656686723 
 78.9 
 82.476326232776 
 78.9 
 82.5025867968798 
 78.9 
 82.5288473609835 
 78.9 
 82.5551079250872 
 78.9 
 82.5813684891909 
 78.9 
 82.6076290532947 
 78.9 
 82.6338896173984 
 78.9 
 82.6601501815021 
 78.9 
 82.6864107456058 
 78.9 
 82.7126713097095 
 78.9 
 82.7389318738133 
 78.9 
 82.765192437917 
 78.9 
 82.7914530020207 
 78.9 
 82.8177135661244 
 78.9 
 82.8439741302282 
 78.9 
 82.8702346943319 
 78.9 
 82.8964952584356 
 78.9 
 82.9227558225393 
 78.9 
 82.9490163866431 
 78.9 
 82.9752769507468 
 78.9 
 83.0015375148505 
 78.9 
 83.0277980789542 
 78.9 
 83.0540586430579 
 78.9 
 83.0803192071617 
 78.9 
 83.1065797712654 
 78.9 
 83.1328403353691 
 78.9 
 83.1591008994728 
 78.9 
 83.1853614635766 
 78.9 
 83.2116220276803 
 78.9 
 83.237882591784 
 78.9 
 83.2641431558877 
 78.9 
 83.2904037199914 
 78.9 
 83.3166642840952 
 78.9 
 83.3429248481989 
 78.9 
 83.3691854123026 
 78.9 
 83.3954459764063 
 78.9 
 83.4217065405101 
 78.9 
 83.4479671046138 
 78.9 
 83.4742276687175 
 78.9 
 83.5004882328212 
 78.9 
 83.5267487969249 
 78.9 
 83.5530093610287 
 78.9 
 83.5792699251324 
 78.9 
 83.6055304892361 
 78.9 
 83.6317910533398 
 78.9 
 83.6580516174436 
 78.9 
 83.6843121815473 
 78.9 
 83.710572745651 
 78.9 
 83.7368333097547 
 78.9 
 83.7630938738585 
 78.9 
 83.7893544379622 
 78.9 
 83.8156150020659 
 78.9 
 83.8418755661696 
 78.9 
 83.8681361302733 
 78.9 
 83.8943966943771 
 78.9 
 83.9206572584808 
 78.9 
 83.9469178225845 
 78.9 
 83.9731783866882 
 78.9 
 83.999438950792 
 78.9 
 84.0256995148957 
 78.9 
 84.0519600789994 
 78.9 
 84.0782206431031 
 78.9 
 84.1044812072068 
 78.9 
 84.1307417713106 
 78.9 
 84.1570023354143 
 78.9 
 84.183262899518 
 78.9 
 84.2095234636217 
 78.9 
 84.2357840277255 
 78.9 
 84.2620445918292 
 78.9 
 84.2883051559329 
 78.9 
 84.3145657200366 
 78.9 
 84.3408262841403 
 78.9 
 84.3670868482441 
 78.9 
 84.3933474123478 
 78.9 
 84.4196079764515 
 78.9 
 84.4458685405552 
 78.9 
 84.472129104659 
 78.9 
 84.4983896687627 
 78.9 
 84.5246502328664 
 78.9 
 84.5509107969701 
 78.9 
 84.5771713610739 
 78.9 
 84.6034319251776 
 78.9 
 84.6296924892813 
 78.9 
 84.655953053385 
 78.9 
 84.6822136174887 
 78.9 
 84.7084741815925 
 78.9 
 84.7347347456962 
 78.9 
 84.7609953097999 
 78.9 
 84.7872558739036 
 78.9 
 84.8135164380074 
 78.9 
 84.8397770021111 
 78.9 
 84.8660375662148 
 78.9 
 84.8922981303185 
 78.9 
 84.9185586944222 
 78.9 
 84.944819258526 
 78.9 
 84.9710798226297 
 78.9 
 84.9973403867334 
 78.9 
 85.0236009508371 
 78.9 
 85.0498615149409 
 78.9 
 85.0761220790446 
 78.9 
 85.1023826431483 
 78.9 
 85.128643207252 
 78.9 
 85.1549037713557 
 78.9 
 85.1811643354595 
 78.9 
 85.2074248995632 
 78.9 
 85.2336854636669 
 78.9 
 85.2599460277706 
 78.9 
 85.2862065918744 
 78.9 
 85.3124671559781 
 78.9 
 85.3387277200818 
 78.9 
 85.3649882841855 
 78.9 
 85.3912488482893 
 78.9 
 85.417509412393 
 78.9 
 85.4437699764967 
 78.9 
 85.4700305406004 
 78.9 
 85.4962911047041 
 78.9 
 85.5225516688079 
 78.9 
 85.5488122329116 
 78.9 
 85.5750727970153 
 78.9 
 85.601333361119 
 78.9 
 85.6275939252228 
 78.9 
 85.6538544893265 
 78.9 
 85.6801150534302 
 78.9 
 85.7063756175339 
 78.9 
 85.7326361816376 
 78.9 
 85.7588967457414 
 78.9 
 85.7851573098451 
 78.9 
 85.8114178739488 
 78.9 
 85.8376784380525 
 78.9 
 85.8639390021563 
 78.9 
 85.89019956626 
 78.9 
 85.9164601303637 
 78.9 
 85.9427206944674 
 78.9 
 85.9689812585711 
 78.9 
 85.9952418226749 
 78.9 
 86.0215023867786 
 78.9 
 86.0477629508823 
 78.9 
 86.074023514986 
 78.9 
 86.1002840790898 
 78.9 
 86.1265446431935 
 78.9 
 86.1528052072972 
 78.9 
 86.1790657714009 
 78.9 
 86.2053263355047 
 78.9 
 86.2315868996084 
 78.9 
 86.2578474637121 
 78.9 
 86.2841080278158 
 78.9 
 86.3103685919195 
 78.9 
 86.3366291560233 
 78.9 
 86.362889720127 
 78.9 
 86.3891502842307 
 78.9 
 86.4154108483344 
 78.9 
 86.4416714124382 
 78.9 
 86.4679319765419 
 78.9 
 86.4941925406456 
 78.9 
 86.5204531047493 
 78.9 
 86.546713668853 
 78.9 
 86.5729742329568 
 78.9 
 86.5992347970605 
 78.9 
 86.6254953611642 
 78.9 
 86.6517559252679 
 78.9 
 86.6780164893717 
 78.9 
 86.7042770534754 
 78.9 
 86.7305376175791 
 78.9 
 86.7567981816828 
 78.9 
 86.7830587457865 
 78.9 
 86.8093193098903 
 78.9 
 86.835579873994 
 78.9 
 86.8618404380977 
 78.9 
 86.8881010022014 
 78.9 
 86.9143615663052 
 78.9 
 86.9406221304089 
 78.9 
 86.9668826945126 
 78.9 
 86.9931432586163 
 78.9 
 87.0194038227201 
 78.9 
 87.0456643868238 
 78.9 
 87.0719249509275 
 78.9 
 87.0981855150312 
 78.9 
 87.1244460791349 
 78.9 
 87.1507066432387 
 78.9 
 87.1769672073424 
 78.9 
 87.2032277714461 
 78.9 
 87.2294883355498 
 78.9 
 87.2557488996536 
 78.9 
 87.2820094637573 
 78.9 
 87.308270027861 
 78.9 
 87.3345305919647 
 78.9 
 87.3607911560684 
 78.9 
 87.3870517201722 
 78.9 
 87.4133122842759 
 78.9 
 87.4395728483796 
 78.9 
 87.4658334124833 
 78.9 
 87.4920939765871 
 78.9 
 87.5183545406908 
 78.9 
 87.5446151047945 
 78.9 
 87.5708756688982 
 78.9 
 87.5971362330019 
 78.9 
 87.6233967971057 
 78.9 
 87.6496573612094 
 78.9 
 87.6759179253131 
 78.9 
 87.7021784894168 
 78.9 
 87.7284390535206 
 78.9 
 87.7546996176243 
 78.9 
 87.780960181728 
 78.9 
 87.8072207458317 
 78.9 
 87.8334813099355 
 78.9 
 87.8597418740392 
 78.9 
 87.8860024381429 
 78.9 
 87.9122630022466 
 78.9 
 87.9385235663503 
 78.9 
 87.9647841304541 
 78.9 
 87.9910446945578 
 78.9 
 88.0173052586615 
 78.9 
 88.0435658227652 
 78.9 
 88.069826386869 
 78.9 
 88.0960869509727 
 78.9 
 88.1223475150764 
 78.9 
 88.1486080791801 
 78.9 
 88.1748686432838 
 78.9 
 88.2011292073876 
 78.9 
 88.2273897714913 
 78.9 
 88.253650335595 
 78.9 
 88.2799108996987 
 78.9 
 88.3061714638025 
 78.9 
 88.3324320279062 
 78.9 
 88.3586925920099 
 78.9 
 88.3849531561136 
 78.9 
 88.4112137202173 
 78.9 
 88.4374742843211 
 78.9 
 88.4637348484248 
 78.9 
 88.4899954125285 
 78.9 
 88.5162559766322 
 78.9 
 88.542516540736 
 78.9 
 88.5687771048397 
 78.9 
 88.5950376689434 
 78.9 
 88.6212982330471 
 78.9 
 88.6475587971509 
 78.9 
 88.6738193612546 
 78.9 
 88.7000799253583 
 78.9 
 88.726340489462 
 78.9 
 88.7526010535657 
 78.9 
 88.7788616176695 
 78.9 
 88.8051221817732 
 78.9 
 88.8313827458769 
 78.9 
 88.8576433099806 
 78.9 
 88.8839038740844 
 78.9 
 88.9101644381881 
 78.9 
 88.9364250022918 
 78.9 
 88.9626855663955 
 78.9 
 88.9889461304992 
 78.9 
 89.015206694603 
 78.9 
 89.0414672587067 
 78.9 
 89.0677278228104 
 78.9 
 89.0939883869141 
 78.9 
 89.1202489510179 
 78.9 
 89.1465095151216 
 78.9 
 89.1727700792253 
 78.9 
 89.199030643329 
 78.9 
 89.2252912074327 
 78.9 
 89.2515517715365 
 78.9 
 89.2778123356402 
 78.9 
 89.3040728997439 
 78.9 
 89.3303334638476 
 78.9 
 89.3565940279514 
 78.9 
 89.3828545920551 
 78.9 
 89.4091151561588 
 78.9 
 89.4353757202625 
 78.9 
 89.4616362843663 
 78.9 
 89.48789684847 
 78.9 
 89.5141574125737 
 78.9 
 89.5404179766774 
 78.9 
 89.5666785407811 
 78.9 
 89.5929391048849 
 78.9 
 89.6191996689886 
 78.9 
 89.6454602330923 
 78.9 
 89.671720797196 
 78.9 
 89.6979813612998 
 78.9 
 89.7242419254035 
 78.9 
 89.7505024895072 
 78.9 
 89.7767630536109 
 78.9 
 89.8030236177146 
 78.9 
 89.8292841818184 
 78.9 
 89.8555447459221 
 78.9 
 89.8818053100258 
 78.9 
 89.9080658741295 
 78.9 
 89.9343264382333 
 78.9 
 89.960587002337 
 78.9 
